40 14 36 54 49 51 41 46 17 11 41 34 55 22 11 32 33 24 34 16 59 34 19 40 57 52 17 26 26 32 12 51 33 33 44 56 32 45 18 18 26 55 11 32 43 38 27 43 45 26 35 45 41 44 37 20 29 18 16 42 33 42 32 39 39 23 35 50 38 39 19 22 14 58 51 17 33 17 26 54 17 13 53 42 16 44 50 12 46 25 29 53 38 40 40 27 56 41 27 13 
51 43 30 49 14 14 41 13 37 36 29 45 35 51 19 36 43 14 54 59 49 49 14 27 16 49 45 32 41 26 33 48 34 54 22 14 14 24 45 58 48 23 40 14 11 34 24 23 22 27 45 54 10 21 50 35 41 18 36 56 52 17 40 59 56 50 37 37 57 27 43 58 26 32 40 32 43 49 50 58 25 58 57 35 35 29 28 59 14 55 19 53 14 22 52 32 26 57 27 50 
53 58 24 48 29 34 24 33 21 58 23 38 35 52 11 41 31 19 50 58 13 19 20 18 33 54 43 40 42 21 12 57 54 59 44 23 17 20 14 49 15 39 18 13 52 55 29 33 42 23 42 59 49 38 47 35 35 30 22 55 48 49 42 57 42 56 42 27 18 17 28 16 58 41 35 54 11 59 51 27 37 34 29 48 33 21 25 33 12 36 11 16 13 56 35 41 26 48 27 53 
49 18 13 38 50 50 31 32 59 55 29 34 19 57 24 32 14 52 24 13 29 42 39 21 11 29 14 34 57 58 18 13 11 19 44 22 28 20 18 10 49 56 21 22 43 14 29 56 16 29 22 32 46 47 43 28 22 51 12 13 52 50 50 10 35 24 26 13 35 18 25 52 41 26 55 34 46 16 46 41 56 29 10 51 55 22 34 10 44 40 43 30 28 53 47 30 47 11 21 49 
20 22 16 37 22 24 51 18 42 44 52 28 55 26 27 41 22 21 29 36 12 49 31 56 59 51 53 44 48 12 29 33 35 45 31 43 37 12 58 25 24 46 40 36 23 29 44 15 50 59 37 52 36 26 51 23 29 32 22 27 46 48 30 55 49 59 26 37 25 20 54 14 40 45 18 35 57 26 19 53 47 41 16 36 50 43 36 46 13 58 29 28 14 38 50 36 31 43 39 34 
28 31 55 22 14 59 20 29 45 45 10 56 15 18 38 56 21 30 42 42 14 36 38 14 48 13 24 34 38 32 58 10 57 24 41 46 49 32 35 51 38 24 52 55 39 42 17 44 23 26 31 25 57 58 33 25 48 41 34 58 15 40 10 39 19 27 43 38 25 31 42 22 30 50 48 31 54 43 51 35 21 45 13 48 59 58 14 33 52 23 55 47 14 35 53 31 12 42 38 11 
23 55 11 24 55 50 19 56 12 13 28 16 21 44 52 27 48 17 51 24 44 42 59 14 19 33 41 37 28 21 15 59 54 55 18 31 46 54 20 32 16 57 34 35 31 18 28 58 52 47 55 35 58 30 39 47 41 53 43 23 21 11 47 43 51 12 17 57 51 17 18 12 18 49 42 30 30 46 27 59 48 29 59 59 14 47 44 25 15 34 30 43 32 13 24 26 26 41 31 15 
17 50 26 12 29 13 46 10 10 53 23 20 27 10 13 58 51 21 19 51 17 15 21 38 37 46 10 42 40 42 52 36 38 24 13 54 37 51 15 59 19 37 41 20 14 22 40 41 29 51 19 39 44 26 40 38 47 34 45 56 31 22 50 53 58 20 12 10 44 48 13 47 22 56 21 46 59 58 55 53 44 23 26 23 53 45 47 32 27 45 26 50 11 29 56 49 43 10 52 14 
12 28 24 51 28 28 50 36 35 58 47 29 53 36 36 16 12 13 11 47 24 49 39 19 16 49 42 17 15 34 41 32 22 33 45 45 21 43 52 30 50 14 25 10 15 48 50 48 20 15 19 41 59 37 11 26 32 58 26 24 43 52 27 51 43 51 38 50 11 39 45 31 22 32 19 14 38 23 35 48 28 22 26 10 33 54 20 20 20 49 35 52 53 51 53 24 21 23 48 42 
43 39 10 31 17 11 58 35 48 52 46 56 35 45 35 56 43 38 17 23 12 59 29 43 51 19 41 29 21 50 29 29 21 51 18 54 48 28 42 37 10 27 56 37 39 55 25 16 58 32 16 18 16 21 39 53 49 25 29 47 39 14 37 38 45 29 23 48 35 45 45 27 20 33 55 55 50 56 55 55 17 48 41 15 36 15 17 29 14 21 22 42 22 19 33 13 54 54 21 58 
33 17 15 24 56 52 54 23 24 38 18 24 29 53 36 10 49 42 50 38 24 50 58 59 52 36 50 26 42 13 13 44 20 25 48 55 42 31 13 50 43 20 17 24 41 57 41 25 56 58 37 16 42 15 33 39 43 16 21 54 30 54 37 25 40 10 14 54 20 52 14 10 30 26 50 40 17 25 29 50 27 16 23 27 41 18 46 37 50 13 17 14 49 50 11 26 24 27 10 31 
45 32 18 23 54 11 52 34 31 43 53 49 31 27 51 30 55 52 43 57 41 18 57 13 40 21 38 43 58 59 56 45 32 22 14 43 13 54 14 47 20 48 56 31 57 27 29 18 35 15 37 54 30 10 17 57 16 20 22 19 23 43 23 44 23 22 44 13 24 12 46 21 52 24 49 34 14 13 47 11 18 30 33 40 24 17 14 30 32 39 51 32 44 10 11 21 58 59 38 32 
25 36 17 28 53 10 46 12 35 38 25 14 59 27 20 58 32 36 46 28 23 17 38 45 52 35 42 26 19 30 54 35 40 57 53 12 52 13 58 53 44 16 53 43 29 46 19 19 38 24 41 57 50 14 25 21 11 53 19 45 29 55 42 32 56 19 43 45 35 46 14 40 37 46 13 51 20 40 49 48 31 43 30 47 12 53 53 46 49 34 46 39 16 40 12 14 15 42 14 47 
58 16 25 37 29 42 50 30 14 49 57 41 57 22 21 28 21 17 41 23 16 24 55 46 39 57 18 18 18 33 15 13 32 33 26 31 56 32 10 20 18 38 52 46 23 32 41 11 33 13 27 16 39 43 55 45 26 35 52 57 36 21 16 10 10 32 25 42 43 59 40 23 57 38 14 41 22 18 41 42 49 44 27 17 53 55 37 39 27 12 56 11 41 44 14 30 43 47 11 41 
41 11 54 47 35 11 50 32 17 51 59 13 26 51 48 21 30 40 43 35 26 52 39 31 46 59 58 57 50 11 31 34 11 45 56 43 49 18 28 19 33 39 52 35 49 10 24 16 38 31 47 58 19 22 12 55 57 55 36 50 42 59 25 51 37 38 26 20 27 53 15 13 21 48 35 25 17 45 51 31 45 25 51 56 51 32 33 39 37 35 17 36 16 49 25 12 45 41 27 13 
19 46 26 22 30 41 35 58 40 56 49 51 49 35 41 31 18 43 16 45 38 57 14 12 11 42 17 37 26 53 59 15 58 14 41 52 35 24 57 23 52 50 25 43 14 27 54 33 31 24 53 48 37 40 57 19 23 44 14 35 39 51 44 29 27 38 33 14 41 56 15 54 31 49 57 44 18 52 14 56 42 40 43 51 42 31 25 16 36 18 42 47 11 39 54 21 43 48 53 47 
35 29 17 11 39 45 33 11 16 53 22 55 31 34 43 14 52 33 48 28 12 46 40 49 57 49 22 42 53 18 38 54 15 45 25 34 13 32 59 36 15 23 15 25 12 36 22 46 43 50 11 49 44 14 23 30 59 19 44 16 37 24 22 53 18 22 17 51 34 38 25 19 12 38 35 41 40 26 34 59 51 40 29 10 28 55 50 13 16 22 15 31 34 20 13 28 17 49 18 54 
45 28 34 10 41 42 10 56 42 13 52 34 29 31 35 11 39 58 18 11 40 11 58 49 20 17 32 13 34 14 40 36 36 16 47 59 38 50 48 23 57 27 59 48 58 53 21 14 20 31 56 26 32 29 30 30 55 37 18 17 59 40 36 41 45 39 40 25 15 12 46 15 31 18 14 22 32 32 53 45 44 38 35 20 12 27 33 11 41 16 39 32 33 28 13 22 17 47 14 58 
46 40 54 21 37 26 16 16 41 40 40 17 22 37 48 51 59 49 40 55 39 29 22 31 46 24 17 20 29 50 35 34 16 44 15 45 46 57 41 52 27 13 21 57 39 44 41 14 18 26 32 12 55 24 40 54 47 41 18 48 20 33 17 55 37 40 49 20 21 25 35 41 49 35 13 52 44 45 14 49 21 33 50 32 32 18 16 31 12 43 17 41 49 30 34 16 18 58 19 41 
15 55 24 24 11 27 17 51 53 31 31 58 15 13 57 10 11 58 35 39 33 45 10 17 43 10 37 27 55 22 44 46 34 45 36 27 52 50 43 35 15 37 46 44 58 56 11 21 47 42 23 57 10 24 17 53 33 30 29 52 30 38 35 27 17 50 32 25 50 28 45 48 46 58 39 49 22 45 58 37 43 53 38 39 13 42 26 21 29 48 14 13 24 44 33 41 18 20 51 25 
33 21 19 39 17 56 13 12 14 17 30 44 48 57 18 54 50 33 41 36 24 42 48 49 39 29 25 36 17 52 23 53 13 21 59 17 57 51 56 43 54 29 55 25 59 12 48 26 57 49 54 19 54 56 58 45 38 53 53 43 23 56 33 12 21 59 35 22 26 58 16 48 22 44 39 10 44 39 38 51 39 25 20 21 20 42 22 19 44 41 54 29 59 36 10 45 14 15 22 50 
37 47 38 32 12 26 47 32 27 58 58 16 30 48 47 11 21 31 13 23 50 35 49 10 45 27 20 16 37 55 50 53 52 12 59 48 49 44 57 46 26 34 46 35 19 46 54 22 59 50 50 56 48 53 52 28 54 51 24 53 51 21 18 39 37 50 25 21 23 49 25 18 17 36 18 48 27 37 32 16 42 13 21 40 10 20 40 46 19 32 50 46 26 31 56 42 27 55 59 31 
30 51 56 17 53 10 47 28 59 36 28 57 13 22 59 59 45 58 31 43 17 20 27 21 42 55 21 53 55 27 54 54 29 18 43 26 42 14 53 58 10 34 29 49 32 30 37 59 55 33 33 32 52 39 28 14 53 38 37 11 44 40 13 22 59 32 20 59 47 11 53 13 39 28 24 32 25 12 22 12 13 22 45 41 10 36 30 14 18 44 58 12 15 19 21 40 23 11 23 52 
40 33 26 59 51 26 14 48 47 57 43 42 48 41 32 47 18 47 34 15 37 11 38 23 47 39 59 22 29 40 15 51 27 53 42 13 45 52 40 11 49 16 20 11 48 31 55 32 26 23 51 37 58 19 20 17 13 31 48 30 45 15 25 26 22 14 50 15 21 24 30 47 21 13 10 23 17 10 11 47 41 25 43 51 41 19 26 11 18 46 43 38 19 58 49 42 51 32 29 15 
53 35 46 44 35 25 57 36 55 41 45 39 32 27 35 22 33 25 27 25 55 42 46 45 12 27 10 39 53 52 54 18 25 58 55 59 58 13 15 37 42 54 18 42 41 27 34 11 13 19 55 50 19 25 30 10 37 58 38 31 54 21 23 48 21 52 55 47 24 29 24 33 40 37 37 29 58 28 14 45 41 17 46 26 42 55 26 48 16 55 53 15 47 23 47 16 44 36 16 45 
21 22 55 47 50 37 48 24 16 30 59 43 25 53 31 38 30 16 22 36 52 50 20 40 38 24 48 58 27 29 34 24 35 18 13 37 44 26 49 34 34 33 23 59 48 14 50 18 16 46 20 29 55 22 58 43 53 34 29 35 25 43 49 48 16 54 56 17 46 25 52 38 37 49 53 35 59 54 23 18 34 33 18 48 40 33 18 42 58 26 50 38 57 46 20 47 49 30 28 50 
36 44 17 35 29 33 15 18 25 51 35 36 42 18 38 21 29 17 21 49 43 25 12 13 18 38 18 11 39 23 45 44 59 35 50 14 34 26 49 38 48 45 32 10 14 16 30 42 21 46 56 38 15 47 17 49 48 34 30 31 58 57 56 18 52 55 53 30 43 53 21 53 40 27 33 26 50 49 34 36 24 44 46 27 55 18 26 21 17 14 25 15 58 48 58 28 27 41 50 43 
34 41 45 46 16 42 50 33 36 36 49 49 46 22 20 31 42 39 41 53 21 32 30 10 44 46 26 56 29 54 12 20 43 50 19 50 46 11 26 25 27 50 24 35 54 25 55 12 30 23 39 40 45 42 26 43 58 52 56 56 38 23 58 51 54 59 15 20 17 55 28 33 39 41 55 18 39 38 25 56 47 42 30 34 27 32 46 14 26 45 21 25 51 18 56 27 52 22 44 27 
18 43 11 33 51 11 46 58 48 55 59 56 50 36 17 40 49 26 46 15 23 15 38 22 16 18 45 27 35 33 22 13 22 39 37 10 25 12 34 37 31 15 27 56 47 35 25 28 30 39 29 48 42 15 48 10 33 57 15 25 42 53 55 57 45 30 13 43 33 52 24 50 42 47 15 10 28 42 40 55 34 56 40 14 33 23 59 57 15 22 56 50 38 54 35 52 59 46 34 45 
50 13 39 14 58 24 38 56 11 34 12 49 48 14 19 14 46 19 49 46 14 17 57 16 18 18 48 50 18 57 49 18 56 32 33 36 14 38 44 45 47 17 18 59 56 55 13 58 47 22 38 55 56 43 32 14 23 55 43 11 52 27 27 24 58 44 10 49 41 32 42 41 45 49 39 13 45 32 59 41 38 36 15 43 42 31 46 58 11 32 19 24 18 30 44 13 13 40 15 50 
26 42 43 29 50 26 52 43 58 36 24 30 44 18 29 49 12 51 16 56 49 11 17 35 13 32 34 19 25 37 31 14 30 59 55 34 38 30 26 19 17 30 59 12 12 52 48 12 16 19 59 36 14 54 31 37 56 32 43 59 47 56 41 59 14 46 51 57 27 32 47 44 58 48 12 55 16 32 27 39 54 29 21 34 56 40 25 24 25 15 54 59 46 17 50 30 41 24 41 21 
43 22 32 21 29 59 11 36 37 19 32 48 24 41 51 47 23 38 23 58 12 23 24 31 38 47 24 43 23 15 13 26 56 39 30 17 45 34 51 23 48 46 39 17 35 28 47 49 55 55 47 51 37 31 27 13 23 45 37 41 47 52 28 27 22 18 18 58 12 38 51 30 55 52 37 47 32 48 15 19 27 34 30 49 26 43 16 31 45 19 35 16 50 46 41 10 42 50 14 16 
10 25 17 21 16 10 46 42 31 15 37 26 19 19 36 44 50 42 47 11 56 24 55 41 16 22 19 44 31 55 10 29 42 52 24 43 59 33 44 40 23 37 52 40 42 38 43 36 32 11 11 13 45 22 17 10 30 14 33 38 53 14 56 17 39 49 54 55 21 38 14 22 30 24 50 39 23 40 38 13 57 14 30 22 32 49 18 52 49 20 57 58 13 20 16 21 35 57 51 32 
43 13 48 17 37 46 30 38 58 49 25 42 52 31 24 57 19 48 48 45 28 27 32 19 14 33 29 47 51 26 36 27 31 15 13 34 21 12 18 35 28 28 48 23 29 22 25 33 11 10 10 50 20 40 40 23 33 53 39 31 38 28 37 41 32 10 32 51 59 10 49 53 22 12 23 56 33 38 16 49 43 33 57 58 27 28 44 22 43 56 31 59 39 26 29 15 18 45 27 58 
32 56 14 16 26 44 32 22 11 52 29 23 20 41 43 42 18 35 36 39 20 42 37 51 11 14 40 24 30 16 25 29 58 12 10 16 26 29 34 18 37 54 50 56 27 12 34 31 14 45 50 50 40 39 49 10 57 14 12 44 46 56 21 45 21 58 15 11 23 52 35 18 54 50 50 41 38 24 28 40 29 20 42 30 55 30 44 35 23 37 34 24 49 42 16 28 27 34 19 23 
54 53 20 37 27 36 59 51 54 14 48 16 25 43 20 15 25 38 26 37 59 56 33 20 15 47 53 49 13 43 16 54 36 21 50 58 58 24 23 30 38 40 35 42 32 24 54 19 11 18 29 31 37 45 23 50 58 25 23 37 22 10 13 15 13 44 19 25 11 33 58 44 21 21 12 10 28 25 29 20 33 20 25 32 39 21 27 50 44 42 38 54 41 14 45 12 23 27 26 48 
59 46 25 57 22 21 57 53 35 38 28 54 40 10 11 10 50 13 52 52 13 28 53 38 49 24 14 53 24 19 59 18 28 29 11 54 24 14 42 37 18 35 17 28 44 55 39 21 19 29 31 20 15 42 14 49 33 52 25 59 29 54 39 37 20 57 34 39 15 48 26 18 13 21 46 36 13 19 25 35 32 45 27 48 55 42 14 33 57 15 49 44 14 53 28 57 37 55 42 37 
48 28 24 17 51 59 10 46 30 24 59 40 41 54 47 23 58 26 56 51 54 17 39 53 23 43 51 37 20 10 47 16 51 58 24 44 52 49 27 45 11 19 34 45 17 25 23 51 40 33 36 16 23 29 13 18 52 31 30 10 55 31 51 14 11 51 29 48 34 26 25 46 40 19 35 59 53 28 53 37 43 53 36 40 43 50 46 16 35 48 27 57 39 32 45 33 13 43 52 25 
29 17 43 15 11 46 43 25 39 19 53 45 35 52 29 54 44 16 30 55 41 51 54 53 51 24 25 46 46 28 27 33 17 10 42 46 40 44 46 14 46 39 23 48 19 13 43 28 49 27 41 56 47 37 45 20 53 18 55 12 21 50 38 26 12 40 34 15 28 46 16 38 22 26 29 12 55 30 48 13 22 37 22 11 54 23 38 43 31 46 58 10 45 10 49 51 29 31 15 32 
51 15 54 26 51 35 37 28 50 27 43 38 29 56 24 45 33 38 17 49 19 35 12 30 22 34 56 52 41 56 20 20 50 33 36 51 22 29 26 10 50 29 11 30 11 12 19 45 23 24 29 48 24 57 10 29 47 57 50 41 19 57 34 39 40 16 30 35 19 24 46 12 58 52 42 33 26 31 10 48 45 50 46 37 17 25 29 47 30 12 38 29 19 27 17 41 32 34 22 57 
11 51 50 46 48 51 58 48 45 23 24 45 31 45 53 19 31 17 21 43 24 40 30 21 44 56 42 23 59 47 57 23 16 28 34 24 59 32 57 37 17 36 45 45 56 34 43 28 34 53 55 32 14 59 39 26 54 40 48 51 31 47 41 56 20 49 45 54 39 30 19 33 39 16 29 54 49 46 25 23 53 37 29 42 24 43 40 22 57 48 50 42 32 24 53 39 11 30 38 54 
56 45 22 17 47 39 19 13 46 24 43 40 11 13 43 36 35 16 47 39 45 59 13 12 48 35 24 29 26 21 14 24 19 41 24 58 17 49 28 51 26 57 13 11 37 30 31 37 10 11 49 57 51 54 45 31 45 37 27 29 12 31 55 36 21 11 55 59 22 55 32 48 41 21 16 43 24 25 11 25 40 36 55 59 20 26 45 49 16 36 28 19 43 58 30 27 27 48 21 26 
10 50 28 19 26 30 56 54 13 13 46 40 47 56 10 54 40 50 13 26 36 45 51 10 59 47 11 20 42 39 24 40 41 36 54 44 55 51 32 36 28 42 11 51 47 39 17 56 30 15 30 30 37 58 53 51 58 42 50 39 31 56 38 48 38 13 19 30 21 37 21 13 33 59 33 38 39 57 22 31 54 19 44 44 34 31 18 49 10 15 22 54 57 29 59 10 45 31 46 18 
25 12 25 24 44 45 36 32 35 11 17 51 33 29 20 40 24 33 53 12 24 49 28 22 25 13 49 17 56 52 33 17 26 27 25 15 10 49 52 23 24 59 46 18 29 49 54 59 45 51 59 37 34 39 10 56 45 28 16 15 48 31 17 38 55 27 58 42 50 50 41 26 33 10 32 42 37 55 46 59 40 18 52 29 46 51 32 47 58 11 35 40 36 52 11 52 40 24 44 37 
57 20 29 14 59 29 13 39 41 39 43 26 46 41 57 17 45 47 18 46 15 25 44 24 29 28 42 49 49 45 36 36 16 57 52 59 11 11 44 36 34 16 33 39 35 50 57 43 20 19 56 22 32 38 49 57 10 20 14 22 35 29 28 23 28 22 20 39 11 55 49 39 48 47 12 11 22 10 59 59 44 39 19 15 44 57 43 59 21 59 23 50 55 45 22 34 50 52 33 53 
15 13 57 19 46 20 11 28 36 41 22 37 25 21 35 19 35 31 33 23 11 38 41 57 45 21 16 19 53 17 24 56 42 46 28 54 29 45 28 15 51 51 43 41 59 41 36 59 17 10 34 16 51 13 58 19 54 34 47 26 30 10 49 48 11 40 59 37 56 13 34 50 35 35 13 12 58 27 57 50 34 24 27 36 57 15 41 52 54 13 49 42 30 29 50 33 53 39 42 44 
23 17 34 52 51 34 29 19 31 55 54 51 16 18 22 46 28 29 51 42 45 52 27 43 46 42 29 34 20 38 39 20 57 31 41 27 32 58 22 14 28 59 31 44 10 53 39 56 44 34 26 52 37 46 36 14 15 47 29 25 22 43 15 18 19 12 18 26 12 15 46 59 56 59 33 19 59 18 55 29 31 50 26 36 37 21 29 27 39 55 33 25 10 34 45 11 29 51 22 13 
20 17 30 58 41 42 47 23 52 56 53 40 32 59 37 19 48 47 16 32 58 28 26 49 40 49 15 59 42 48 24 54 39 31 44 10 21 13 22 23 37 50 45 54 49 24 44 31 38 47 31 12 43 42 13 33 33 29 55 41 40 42 28 11 25 56 23 10 39 56 42 28 42 25 49 13 37 35 58 16 10 29 21 49 45 46 58 59 55 23 19 51 44 59 16 48 39 56 59 33 
49 56 24 30 59 58 30 40 22 54 14 41 44 23 36 51 17 45 28 50 13 56 38 54 26 18 40 57 45 56 53 59 42 38 14 47 46 56 10 48 20 37 27 28 50 39 43 48 34 44 57 26 56 14 28 57 45 50 44 38 12 52 27 27 28 12 11 42 34 42 33 18 27 53 10 43 27 28 42 41 40 50 11 20 41 31 16 38 35 36 31 45 40 34 54 44 35 36 37 41 
53 54 44 38 21 26 56 44 44 14 49 20 47 39 31 13 15 53 28 44 18 48 56 48 39 18 46 55 12 37 36 23 14 10 33 53 20 40 32 54 26 32 48 47 50 39 27 20 55 51 32 46 15 55 27 50 22 47 57 32 58 53 22 19 12 31 41 28 57 47 37 30 54 32 40 41 57 18 34 51 25 55 57 11 32 50 14 25 19 45 46 20 50 24 48 24 32 30 26 25 
