51 21 58 24 47 23 17 51 56 46 51 30 38 20 51 22 26 40 33 22 44 33 52 27 41 52 23 47 31 50 25 13 26 41 25 37 27 41 58 23 30 47 32 47 38 16 13 43 22 24 59 24 22 45 43 59 51 54 54 48 38 13 50 54 17 10 41 30 59 41 48 39 55 22 37 15 23 14 19 39 23 13 21 16 41 14 51 38 49 11 54 45 24 48 19 36 22 12 26 35 58 31 26 39 57 29 40 17 11 17 40 26 24 35 33 41 47 54 18 23 11 46 36 46 32 11 28 56 50 37 17 57 51 12 30 52 16 12 16 49 31 27 13 12 29 41 29 27 22 22 20 18 43 10 14 56 59 31 22 18 
10 28 11 21 23 40 11 24 54 57 34 42 55 17 50 40 36 36 33 24 18 53 13 36 48 36 18 10 27 21 29 59 35 52 18 35 24 45 55 15 41 32 43 31 50 18 47 50 27 26 45 43 41 16 36 23 16 46 21 41 12 40 10 38 47 19 30 13 44 14 24 55 11 18 36 48 34 16 16 50 28 24 41 58 56 27 33 45 20 22 27 42 34 32 13 44 54 23 45 58 38 37 50 57 38 20 14 20 59 19 23 47 25 16 31 26 50 28 31 38 22 44 19 56 19 59 47 55 43 40 15 14 31 16 51 58 31 31 24 39 38 23 39 49 50 50 32 18 58 26 31 20 50 37 29 14 55 14 13 22 
47 48 46 24 17 38 56 52 33 58 49 31 46 57 11 21 17 23 56 55 54 42 22 17 29 29 57 49 35 36 57 55 19 42 16 55 37 54 36 55 37 20 16 50 37 27 31 59 40 43 54 21 53 33 37 49 30 24 14 11 39 37 20 29 20 32 54 32 59 27 13 18 19 42 21 29 59 28 36 19 39 44 32 21 23 11 47 32 30 42 21 54 44 52 17 47 17 39 32 40 21 44 12 11 24 31 53 39 46 21 50 20 31 23 16 18 14 37 42 37 31 56 25 29 40 38 16 20 50 57 17 28 43 29 44 12 23 50 45 24 14 14 58 52 23 30 44 22 46 23 46 18 50 14 21 40 10 44 35 57 
53 31 43 41 46 35 37 22 25 57 29 31 25 18 30 42 13 28 13 43 12 48 31 46 10 53 45 17 24 43 54 17 45 46 32 48 36 35 37 23 58 15 55 19 58 52 58 47 14 59 35 10 42 31 46 14 55 37 21 49 41 22 32 25 29 23 45 46 49 30 22 19 12 52 26 16 44 24 15 44 33 29 15 51 27 24 15 45 18 55 28 26 30 39 44 51 54 40 27 17 55 23 25 20 35 44 40 51 19 59 15 43 18 53 35 34 14 14 39 16 57 30 22 49 45 41 27 49 40 48 31 53 37 51 20 58 58 55 48 41 33 57 43 55 10 56 49 22 52 37 16 51 55 41 30 50 23 43 36 10 
18 16 43 41 18 30 23 46 15 40 25 41 21 47 44 30 17 51 48 39 11 53 21 15 24 12 46 24 36 22 18 29 29 31 25 13 56 15 55 18 42 12 51 10 46 17 27 52 40 13 30 51 54 42 48 30 33 53 46 25 58 22 48 32 35 58 19 55 57 20 10 14 24 20 57 36 39 48 27 50 23 29 34 56 33 48 19 47 38 24 16 23 45 21 19 17 49 18 14 30 40 52 53 43 12 43 28 25 17 10 38 15 54 51 43 43 32 52 49 36 31 58 38 24 30 13 56 55 15 25 24 15 23 56 59 50 54 37 32 54 55 30 47 41 37 18 39 53 39 42 29 35 50 45 43 53 25 49 36 58 
18 38 31 50 21 24 31 43 33 12 41 34 18 12 41 14 24 37 29 13 21 56 16 11 52 29 22 50 39 44 20 55 37 23 39 47 48 16 21 41 25 49 34 33 18 22 18 30 56 28 30 25 58 35 44 37 43 17 55 25 10 44 54 35 28 29 39 13 42 46 22 31 57 51 52 23 16 43 21 59 24 28 16 25 53 37 37 28 32 56 48 32 44 56 23 48 56 26 40 39 46 23 12 32 43 41 16 23 52 30 21 32 33 14 28 44 42 13 41 41 34 12 33 49 24 41 22 19 52 55 11 44 57 11 16 28 20 28 10 18 29 39 23 41 37 34 51 42 17 48 22 37 48 23 33 23 22 19 46 31 
16 45 33 39 28 53 37 15 55 42 29 32 12 11 33 43 32 50 42 50 25 11 12 58 37 54 40 29 35 40 31 59 52 31 16 48 44 51 36 50 58 17 31 21 39 20 32 34 12 47 35 22 11 25 38 10 26 23 48 41 24 57 11 29 50 49 32 48 53 15 34 29 10 50 10 21 45 38 16 35 38 49 47 51 36 37 46 19 15 37 58 11 19 29 48 30 38 35 50 11 12 17 24 58 57 17 30 14 46 58 53 34 20 55 54 56 53 14 44 38 47 33 43 18 36 15 55 42 45 36 47 19 43 16 46 56 12 50 13 51 43 28 43 52 12 29 22 15 48 40 11 23 44 48 19 24 10 53 51 28 
25 37 19 36 57 42 23 53 20 27 55 48 27 53 48 57 16 13 12 24 40 36 16 22 56 32 37 44 35 31 16 36 46 51 14 46 34 35 12 13 36 32 40 28 56 55 34 56 54 40 31 14 45 33 42 25 17 38 35 29 16 36 11 15 39 15 22 48 21 15 12 17 17 13 22 42 41 48 19 34 45 19 14 31 54 13 38 23 21 19 48 12 45 55 17 43 14 58 29 17 39 40 44 50 26 16 25 44 45 24 41 21 54 28 55 24 21 12 18 39 53 38 37 12 21 48 24 16 29 24 34 31 51 50 34 15 46 26 44 28 43 53 35 57 46 25 52 57 19 32 33 57 39 39 25 12 50 22 47 52 
34 11 29 53 52 58 14 44 10 18 19 30 45 43 25 30 56 10 24 18 46 24 48 29 54 33 52 31 44 28 43 10 19 21 39 30 55 59 34 36 41 27 15 44 35 14 22 22 18 15 30 53 12 20 40 35 44 48 33 29 45 17 46 59 25 23 27 55 59 51 35 45 55 24 19 45 18 37 45 19 13 42 54 58 18 43 51 56 14 32 38 59 48 55 14 30 22 31 11 41 11 18 39 39 29 57 45 32 29 31 42 28 20 23 55 32 17 13 55 15 18 36 31 39 50 53 35 58 44 37 44 53 44 28 44 19 26 57 54 24 12 25 37 21 42 40 26 46 22 33 43 23 26 37 18 33 48 14 54 56 
44 18 51 10 21 40 41 49 39 52 39 30 52 33 26 20 32 53 16 20 37 24 59 45 41 47 13 49 13 35 50 38 48 44 40 46 46 23 34 49 42 49 16 21 23 39 48 15 39 48 19 16 41 27 16 20 39 13 12 45 17 23 38 11 42 58 13 28 27 44 30 51 58 20 34 22 53 45 58 32 15 46 17 45 47 18 52 54 10 49 33 48 23 30 26 29 48 58 50 50 19 10 37 22 36 11 44 10 45 38 19 18 30 15 44 31 59 38 22 17 20 11 18 39 45 45 33 56 34 56 45 24 11 28 28 37 40 56 29 30 15 58 55 37 12 57 59 39 56 28 35 54 35 54 43 49 12 45 28 47 
19 33 15 44 39 26 10 32 59 55 54 22 37 38 17 32 33 55 28 24 23 35 59 15 55 35 47 10 48 16 23 35 55 19 15 10 55 36 19 51 14 17 18 59 58 52 55 41 16 22 25 28 12 26 43 33 57 39 21 36 17 36 35 38 57 32 16 13 11 40 13 22 44 11 27 47 22 27 18 39 11 27 42 51 49 14 46 36 12 13 56 44 24 13 52 21 13 25 48 32 52 29 37 33 42 37 24 44 51 14 45 27 18 26 12 30 13 48 31 48 49 16 59 58 35 40 22 26 38 52 54 46 28 24 45 28 59 50 36 28 51 32 41 46 37 52 42 29 27 15 16 22 47 22 29 13 59 19 48 11 
53 43 57 57 59 58 42 14 23 53 31 45 16 59 45 48 21 26 13 48 59 56 51 22 27 51 43 26 34 36 44 55 23 40 37 28 26 24 26 27 15 53 34 53 58 48 29 30 46 28 42 35 36 43 40 26 13 50 10 27 40 53 12 21 57 52 25 27 59 31 57 15 59 21 16 42 38 50 43 29 44 23 51 19 18 16 40 39 56 39 35 57 58 19 18 36 20 15 57 39 48 28 27 31 27 30 32 54 19 51 35 34 45 10 55 51 44 40 15 14 17 23 40 23 59 32 47 31 59 17 40 45 15 34 51 39 54 38 34 29 23 20 25 57 33 27 59 57 26 14 51 42 11 16 58 19 37 23 55 44 
38 39 31 48 44 38 10 32 17 46 36 51 58 21 49 14 19 22 20 58 21 54 43 52 25 23 32 11 22 45 44 33 45 53 27 29 31 54 21 16 26 13 50 13 54 39 59 26 18 32 18 47 50 28 33 22 30 39 28 28 41 35 44 59 48 36 25 55 36 42 53 48 27 34 28 46 59 13 38 28 43 32 41 33 44 11 19 57 25 59 12 23 55 23 12 23 21 46 31 52 58 45 23 50 18 34 20 54 52 38 28 38 17 36 35 44 43 48 20 22 26 49 37 41 44 21 35 17 36 11 43 41 18 31 37 18 25 19 47 21 18 25 22 41 36 21 12 43 58 32 59 43 32 34 45 53 17 58 11 46 
59 28 46 39 53 53 58 14 47 44 27 17 30 27 13 40 52 57 27 13 53 45 57 23 43 43 32 53 26 44 21 49 17 27 59 13 24 20 28 48 59 40 25 31 54 22 12 11 19 53 58 42 30 56 35 12 47 20 22 59 50 27 37 45 16 44 56 11 36 31 54 45 22 56 59 59 54 15 25 27 47 10 56 31 32 43 37 47 14 47 56 42 33 34 21 32 38 14 46 45 24 20 10 54 20 15 19 52 18 51 41 40 24 45 10 12 58 11 57 52 11 28 43 52 43 56 54 55 34 20 10 35 47 14 46 38 43 27 49 33 48 34 38 32 44 20 10 26 40 40 34 48 19 35 24 15 36 59 13 31 
40 52 12 27 44 57 16 11 48 18 43 22 50 18 45 18 52 38 43 15 31 31 57 31 19 23 47 43 38 47 24 44 51 38 59 11 56 38 12 46 16 24 51 26 54 53 22 24 55 49 35 27 57 25 33 58 41 47 57 51 38 45 17 44 11 31 34 11 12 43 15 45 39 43 50 40 33 51 48 17 32 18 10 33 34 28 20 45 23 50 46 42 38 43 46 15 58 55 36 26 20 58 55 19 55 50 25 59 39 54 26 53 24 11 19 56 39 52 17 33 29 11 16 50 29 48 26 50 46 26 37 52 26 45 40 30 54 28 16 10 56 27 46 37 23 35 19 15 57 15 20 10 41 52 58 48 14 53 30 46 
58 21 43 43 38 22 36 52 43 10 22 32 55 50 12 45 32 46 26 27 25 58 43 49 49 15 37 22 51 19 43 53 56 18 30 58 55 59 23 33 25 27 24 36 21 37 36 54 30 23 20 23 54 22 48 59 16 41 43 49 11 18 39 40 22 50 30 50 14 38 54 33 40 32 15 15 40 55 35 46 57 40 25 35 47 35 34 46 47 24 58 42 46 33 10 25 26 13 37 33 49 24 29 10 17 23 45 20 47 12 51 10 56 22 37 27 47 18 48 38 23 17 28 12 12 33 16 14 49 44 27 53 10 47 34 33 40 39 30 50 36 55 26 20 30 42 28 59 35 47 52 23 53 55 56 35 22 50 41 55 
20 10 32 23 48 49 37 48 28 58 21 52 33 35 44 13 11 47 51 48 41 32 52 49 28 40 48 34 40 20 17 52 20 58 33 23 58 41 55 57 27 18 34 39 36 28 30 42 43 37 18 52 26 55 40 36 44 40 30 28 57 41 57 44 41 27 17 59 39 27 24 16 58 45 48 11 11 21 18 31 23 59 32 58 21 23 56 48 41 49 24 35 17 42 48 44 12 24 42 40 13 35 37 36 37 41 11 47 52 14 30 46 59 17 36 39 25 34 48 38 45 55 33 45 58 59 17 45 38 15 13 58 11 12 45 56 54 43 59 55 58 30 12 33 40 35 22 21 22 51 10 38 31 32 46 51 23 32 44 34 
49 21 28 40 16 35 19 21 12 34 51 39 15 37 40 15 16 49 59 10 57 45 20 30 43 32 52 47 19 56 52 17 14 33 32 10 20 33 21 28 29 26 58 22 49 40 31 44 43 39 20 39 27 44 47 16 30 49 11 32 54 53 51 15 15 41 31 59 48 14 46 31 59 48 28 34 36 23 28 32 39 47 37 17 30 53 22 55 41 37 46 34 26 52 46 13 35 16 21 32 38 18 17 59 13 54 49 19 22 18 30 30 51 40 10 51 30 23 15 16 38 49 47 38 29 29 12 25 58 16 34 27 39 24 50 49 58 32 37 43 15 22 55 24 43 43 26 20 37 50 32 40 16 34 26 36 19 13 22 27 
35 46 37 56 17 16 27 36 14 41 25 24 28 39 47 49 32 35 49 23 43 19 14 59 38 44 53 31 47 56 50 41 53 35 52 17 26 22 33 13 22 47 24 19 45 26 58 56 47 54 16 29 22 24 15 44 31 59 36 10 47 12 22 43 27 23 32 31 43 10 57 49 24 29 43 26 43 57 36 47 54 17 47 47 51 44 24 43 47 23 29 24 46 29 46 25 52 12 59 38 12 41 51 17 51 43 19 49 26 44 28 24 27 55 18 54 31 31 13 54 35 38 40 35 28 55 40 26 59 32 38 11 49 46 57 42 28 55 14 23 26 25 47 48 51 50 49 36 26 13 41 42 27 29 10 24 13 58 29 19 
49 11 25 28 20 56 43 52 40 26 21 53 15 16 47 57 23 50 48 46 20 10 23 29 30 11 51 58 53 51 56 19 22 19 46 57 17 49 53 52 10 23 33 16 25 16 15 55 26 33 22 17 27 11 59 47 43 28 47 26 35 41 51 42 34 13 47 55 57 57 18 52 41 28 27 24 40 39 21 56 53 40 54 45 18 12 30 45 22 48 17 36 48 29 17 38 57 55 43 29 38 41 32 10 15 24 59 54 37 42 36 44 10 23 33 28 13 18 51 18 20 25 41 15 15 33 26 31 54 37 34 58 14 19 38 41 16 29 20 31 55 34 58 43 14 45 55 24 31 11 42 41 31 21 51 36 31 13 25 19 
16 13 39 30 22 17 25 33 51 55 54 34 14 26 54 55 19 56 33 14 52 24 55 22 50 39 26 50 24 18 11 42 16 10 34 42 31 22 46 28 48 24 45 56 50 17 59 53 43 22 20 35 48 32 22 14 48 25 15 29 17 38 12 59 16 32 57 56 52 10 36 18 53 44 58 37 19 20 43 43 14 19 44 21 22 54 56 36 52 22 52 22 11 25 36 41 48 41 25 27 52 23 54 49 48 50 49 46 55 20 41 34 25 40 53 55 55 16 21 15 46 48 53 32 28 22 27 18 48 41 12 36 44 17 28 42 34 12 30 34 41 28 39 21 56 16 34 41 27 34 15 34 28 28 15 40 12 54 41 51 
57 35 41 39 29 22 23 19 13 48 59 52 51 11 28 37 51 45 24 29 37 44 59 43 35 42 26 58 51 37 22 57 36 29 41 30 55 12 57 53 49 53 26 23 44 24 22 55 16 39 57 59 48 15 57 38 22 35 45 30 54 43 56 48 37 17 59 10 37 37 46 19 30 40 16 32 27 13 30 16 23 32 53 17 37 55 11 43 18 40 39 57 46 30 26 37 44 13 42 26 41 22 50 17 49 46 30 28 30 24 52 59 31 44 33 48 56 43 53 13 26 13 34 28 19 38 36 54 24 54 28 18 28 23 34 49 42 45 10 38 38 28 27 21 16 18 42 39 16 17 38 47 53 30 29 16 52 40 39 18 
35 11 51 31 14 47 44 15 42 29 43 44 45 56 50 42 15 14 31 11 17 26 49 59 40 47 21 31 44 14 41 35 56 20 57 36 38 40 43 18 47 51 59 20 12 52 50 41 32 10 59 22 59 46 17 22 10 24 46 49 48 21 55 45 24 13 31 20 48 28 12 34 46 23 10 33 40 29 29 50 11 32 50 33 50 57 51 11 28 58 26 36 34 47 22 44 33 23 43 28 45 27 11 42 12 37 45 12 59 49 15 57 11 25 19 40 34 31 30 17 25 30 36 48 55 12 49 53 45 46 49 29 40 16 53 17 52 43 57 18 24 54 29 17 56 54 55 18 34 35 11 28 29 18 29 37 22 32 51 18 
19 18 57 39 29 18 41 38 28 39 43 35 27 21 58 26 37 10 19 18 49 47 43 56 13 18 24 23 51 57 12 55 48 51 10 54 18 47 19 55 29 27 21 26 23 17 50 53 33 26 57 42 21 32 53 45 58 26 57 23 19 55 56 22 56 35 24 48 28 17 32 21 18 26 10 39 12 28 13 38 45 14 20 17 59 32 38 31 21 43 46 50 25 25 30 43 14 50 43 39 46 10 50 34 31 53 32 40 42 43 34 47 33 55 50 42 35 18 15 15 23 27 14 19 28 11 51 47 17 42 57 56 48 14 10 45 45 15 12 48 15 56 50 52 30 58 28 39 26 54 47 52 41 18 32 17 34 32 17 28 
13 14 31 29 32 16 59 28 57 59 52 39 17 24 47 56 58 30 37 18 38 27 21 53 25 28 15 37 51 26 23 52 16 22 43 36 16 10 18 56 23 43 59 56 48 42 54 47 57 55 30 14 24 32 37 42 13 30 41 19 12 57 51 40 57 39 44 13 40 20 59 50 10 12 48 43 27 33 14 52 34 41 19 22 32 29 22 35 20 25 20 14 46 28 11 58 17 36 20 27 43 32 40 30 17 40 39 24 46 41 59 15 15 28 23 53 50 55 40 27 34 11 39 50 29 18 54 20 12 12 23 16 42 40 53 39 49 32 35 11 49 48 51 22 16 53 26 55 23 51 27 39 26 19 12 15 33 17 41 51 
40 51 14 30 30 56 39 21 59 45 48 20 18 45 32 56 26 35 52 37 30 55 34 36 20 10 39 53 47 38 26 17 52 32 13 48 31 30 11 14 53 10 51 37 19 20 45 54 46 19 49 16 22 47 33 46 30 37 36 21 55 32 56 18 19 56 21 50 24 30 40 58 52 30 26 21 14 57 54 27 53 35 37 16 25 24 33 48 57 14 25 12 28 18 27 34 23 31 44 49 24 45 57 12 25 29 43 42 37 47 41 43 11 11 21 41 55 18 12 28 46 53 30 32 33 26 55 49 58 30 38 45 28 39 10 37 27 19 37 54 25 10 53 30 10 11 10 52 43 39 11 32 13 14 43 50 45 55 11 21 
44 46 13 32 24 19 47 37 53 32 52 19 25 38 23 28 52 28 55 56 25 30 39 49 25 59 53 54 28 35 18 28 45 20 49 22 59 28 44 18 54 57 53 44 44 36 40 15 15 39 45 16 45 27 41 44 48 30 28 22 32 15 58 20 18 33 22 31 25 29 58 55 15 46 41 34 35 40 46 40 18 27 22 15 15 40 29 59 58 32 24 52 43 47 44 33 53 53 54 28 54 23 43 23 47 30 39 56 24 38 35 21 53 59 45 34 49 39 25 25 14 29 41 11 52 50 55 16 42 47 56 45 23 16 16 40 38 50 32 15 11 55 20 50 30 36 36 49 47 10 18 38 39 58 54 40 36 21 32 25 
50 11 55 49 29 51 53 25 22 41 30 43 34 57 58 21 32 45 20 29 46 18 30 45 22 47 49 24 48 21 35 24 59 54 16 31 20 58 30 16 54 45 35 50 39 10 43 10 33 30 38 11 40 33 47 43 21 53 24 27 24 13 15 50 10 51 38 53 38 58 43 50 56 22 21 40 20 50 56 21 36 24 21 20 50 22 15 45 42 57 57 36 50 18 50 41 22 55 55 56 32 39 26 57 13 28 34 34 12 27 32 50 58 45 24 21 18 49 43 51 20 27 24 18 43 38 40 28 15 24 54 38 27 34 41 18 45 10 45 11 59 49 37 52 42 50 25 16 59 41 20 38 17 39 45 38 39 30 15 37 
47 56 57 35 52 20 27 29 33 57 20 10 32 47 59 26 25 56 34 13 20 15 51 57 30 11 31 49 55 50 56 54 17 45 56 24 45 27 14 38 10 16 55 42 20 43 56 15 20 20 17 58 13 20 44 50 17 53 47 28 50 12 31 54 25 38 23 30 52 57 41 35 15 24 20 18 23 45 30 11 57 38 31 25 52 32 20 18 26 26 43 42 58 53 39 40 47 15 25 51 52 19 52 58 58 44 14 37 20 39 43 30 45 47 22 21 53 28 31 16 48 11 37 11 30 13 23 48 25 26 52 45 42 24 39 13 48 25 35 39 36 54 20 43 34 47 34 52 51 56 36 48 22 49 16 46 39 28 35 11 
17 41 11 24 26 44 54 55 35 12 17 15 33 37 39 26 52 30 36 54 26 28 52 29 10 38 56 40 47 38 24 37 57 13 25 20 31 32 38 31 15 31 18 40 56 36 56 18 49 29 52 35 40 24 51 13 29 40 40 30 36 50 32 49 34 55 58 56 20 57 53 34 40 25 33 55 46 52 28 42 48 22 13 27 43 51 36 29 53 55 53 15 49 23 52 42 26 27 36 29 30 49 37 28 53 59 10 21 12 48 51 39 21 51 16 58 34 25 18 29 16 57 27 36 46 59 51 43 54 35 44 15 19 57 58 21 25 40 33 36 19 27 18 17 15 55 46 26 39 59 57 54 39 39 10 25 20 56 50 40 
41 50 27 23 16 22 47 15 11 39 21 58 35 15 31 58 49 14 13 46 52 16 24 54 13 27 41 14 28 30 25 26 41 27 58 21 52 56 30 58 12 40 26 42 41 12 28 40 19 55 48 50 32 22 12 31 46 48 32 48 36 43 12 50 23 45 18 24 34 45 27 17 57 37 14 48 11 52 25 23 20 25 16 58 22 46 22 34 22 19 31 25 18 45 32 30 25 10 36 38 46 49 17 52 42 55 38 48 40 29 17 42 22 17 38 53 25 36 56 25 26 42 24 39 28 33 22 36 13 18 43 25 55 30 11 18 35 25 38 58 47 31 45 21 20 19 22 30 40 25 17 50 24 14 18 36 29 12 31 25 
10 25 42 22 34 33 39 16 39 28 47 22 37 43 20 42 34 20 20 43 19 42 35 31 15 51 25 34 35 35 31 49 30 43 32 31 40 31 49 11 25 50 10 17 22 54 16 28 37 29 28 26 26 44 42 13 37 22 20 59 16 35 39 16 32 37 54 15 15 33 18 17 16 42 17 16 58 34 25 44 25 54 19 23 19 49 19 24 39 46 45 38 14 39 46 21 28 35 41 57 41 57 30 36 48 57 47 13 46 20 15 50 22 54 20 28 34 45 48 56 21 54 42 55 28 33 19 36 13 59 41 38 10 13 10 19 31 34 27 13 40 16 14 30 29 35 15 42 42 51 35 47 24 59 41 24 49 40 56 13 
52 11 39 20 12 48 24 30 28 56 51 35 22 51 46 20 47 31 52 36 58 44 34 34 42 44 56 21 21 16 10 47 27 23 53 43 22 56 42 32 48 17 10 23 38 57 39 57 57 27 19 35 24 51 47 13 49 56 55 29 56 52 20 59 51 21 37 39 16 46 11 23 45 46 40 24 48 55 31 41 12 57 29 57 43 48 27 17 25 18 33 43 12 47 12 30 48 49 48 52 38 28 41 52 41 53 28 27 34 52 58 52 49 12 15 21 32 28 44 48 10 53 47 45 41 32 50 12 33 10 24 26 34 58 10 30 45 30 31 14 28 53 36 36 51 57 43 58 38 26 19 35 10 14 26 33 37 19 15 33 
17 15 28 53 45 49 19 13 55 20 11 23 45 38 19 55 36 13 35 48 14 10 17 36 23 39 24 19 10 51 37 37 19 45 48 34 21 37 20 48 49 42 25 28 32 44 58 41 43 53 53 55 57 32 50 23 18 53 55 34 11 23 38 15 42 29 20 50 33 18 54 25 13 35 37 22 30 20 38 19 47 58 46 37 13 42 47 14 36 46 25 48 27 12 44 12 58 30 50 51 15 43 46 51 59 11 36 24 47 30 56 46 19 37 16 11 37 20 35 21 49 58 38 55 34 19 55 42 11 48 11 53 52 26 23 26 24 22 17 40 47 37 36 52 15 58 34 32 24 59 33 17 32 20 54 19 18 23 30 15 
30 29 44 46 44 18 34 39 17 36 27 41 43 32 35 50 16 42 27 33 45 21 54 59 47 25 22 27 51 52 33 30 49 46 27 24 23 33 38 23 39 33 24 49 13 37 23 11 36 22 30 36 50 51 29 26 40 40 13 12 34 13 39 26 54 34 53 14 37 54 54 25 10 54 43 43 23 14 26 45 42 59 42 13 34 57 31 15 54 46 22 37 56 31 10 47 23 41 22 28 44 34 24 37 10 21 30 17 11 41 25 51 30 28 51 17 11 42 25 10 44 36 33 38 55 57 27 21 48 41 42 21 24 18 35 39 33 12 39 14 38 50 23 22 26 10 19 26 55 16 18 50 19 24 46 34 53 39 35 50 
53 59 53 20 47 30 56 53 51 55 35 56 47 20 22 19 41 48 30 45 51 53 30 23 36 16 10 41 47 46 51 14 36 12 47 51 54 15 42 17 43 32 19 55 40 47 14 57 34 17 48 26 10 21 25 10 58 48 33 16 13 13 41 36 18 56 19 45 58 51 39 11 38 45 54 17 59 10 30 47 52 59 44 44 46 23 53 50 28 31 35 38 25 51 48 57 55 52 13 47 46 15 15 51 16 41 16 28 40 14 10 12 18 23 30 40 14 47 57 16 56 11 34 30 33 58 39 33 14 40 42 36 54 23 42 50 26 10 47 35 22 35 30 52 41 24 55 30 14 33 39 50 10 45 27 17 56 53 16 31 
12 27 21 13 47 20 48 31 10 32 25 52 20 33 36 31 32 12 17 14 51 47 45 15 31 31 45 17 40 18 39 50 13 39 50 51 18 41 30 10 50 49 49 23 11 26 56 25 37 54 37 13 18 24 52 54 53 10 17 31 19 55 54 45 45 33 26 53 43 32 25 41 16 39 34 47 35 28 57 29 32 29 40 57 31 18 28 19 39 21 41 55 52 49 45 20 20 23 56 26 53 36 49 21 35 11 12 21 53 44 26 32 29 33 10 40 31 18 51 57 24 30 31 45 11 56 37 28 28 19 37 20 16 31 47 57 20 57 10 33 25 37 11 46 42 51 43 37 49 23 37 58 31 59 58 56 38 38 26 43 
31 25 48 19 33 48 55 50 56 17 27 37 40 47 22 57 23 36 24 37 35 36 34 18 38 37 22 30 58 23 53 29 30 54 52 59 48 37 23 37 11 10 31 20 21 31 47 33 55 57 14 28 42 12 28 16 14 58 23 11 18 22 58 36 39 57 15 49 16 48 52 47 43 26 15 46 32 11 28 47 54 51 42 10 35 23 10 50 17 57 53 59 19 57 35 54 22 52 37 56 35 34 45 22 36 26 17 56 55 35 53 57 44 47 21 53 49 39 12 36 54 41 42 35 30 59 53 26 45 36 36 52 48 53 19 42 38 11 55 32 20 52 58 59 35 47 20 36 18 13 40 20 50 36 29 50 47 17 43 23 
37 38 12 29 41 43 27 27 12 51 15 23 13 48 41 39 20 16 45 31 15 36 41 56 38 52 29 14 31 51 40 42 14 51 57 17 24 51 47 36 56 24 18 36 29 46 41 51 25 47 43 11 53 53 14 41 50 51 31 15 45 38 47 54 23 18 35 24 55 35 32 40 29 24 30 33 49 15 27 50 38 21 59 19 51 34 42 13 30 35 41 47 59 59 52 18 34 33 26 35 43 17 21 50 43 21 51 49 27 47 54 34 30 47 58 43 58 21 37 18 59 40 50 55 23 52 14 14 57 54 29 15 51 59 12 14 12 47 58 19 38 43 20 10 57 51 12 13 44 28 45 31 31 51 58 44 39 30 56 31 
20 28 29 44 19 40 51 19 27 29 10 11 37 10 54 12 13 35 51 50 51 51 12 46 59 17 16 50 59 10 31 17 49 30 23 43 46 58 32 13 26 52 21 35 36 25 47 33 47 49 17 38 10 52 18 22 31 46 20 21 40 10 37 49 27 14 17 27 35 35 57 36 37 17 41 52 39 59 12 28 51 16 39 51 12 44 20 51 31 44 34 12 55 49 50 11 49 25 26 15 55 40 12 10 34 26 48 50 38 11 42 18 45 33 24 46 55 48 53 28 25 27 56 44 33 19 28 29 55 24 43 53 55 21 52 51 51 18 12 38 29 10 45 13 44 24 46 17 39 50 56 39 58 49 16 24 44 15 11 31 
59 30 17 48 52 50 52 29 58 27 58 42 34 25 26 47 16 14 14 12 34 37 44 15 13 27 19 26 54 23 49 57 57 15 45 22 27 35 21 11 57 46 51 21 32 40 47 25 22 53 38 13 56 29 59 39 36 49 14 39 47 32 30 41 36 22 25 16 27 37 20 42 32 57 42 44 18 38 39 32 57 18 21 26 55 36 22 23 14 27 17 21 51 48 32 48 49 38 25 16 45 57 58 11 15 21 22 27 53 55 27 52 55 16 54 41 19 24 49 48 32 21 51 24 35 24 29 30 53 33 10 42 43 28 33 14 14 32 47 39 47 37 25 57 59 56 25 41 38 35 37 59 21 26 47 20 55 55 12 38 
12 10 36 39 55 27 49 36 57 34 13 58 38 15 36 50 56 26 44 41 29 35 54 31 40 18 58 54 32 32 22 56 56 19 50 46 43 45 38 47 42 50 59 56 47 44 15 26 13 43 27 19 27 59 45 41 56 14 30 45 26 10 51 32 58 31 12 14 14 19 50 55 53 21 17 33 32 50 51 43 43 57 45 32 34 33 48 59 42 45 51 11 28 39 45 43 21 30 20 41 10 29 48 28 40 14 36 17 21 41 56 57 16 20 34 23 40 45 32 44 36 39 39 47 17 54 29 48 30 59 53 27 45 56 25 21 10 34 13 34 37 33 14 17 46 21 19 59 41 38 31 59 12 23 19 26 30 34 39 26 
13 36 27 27 23 56 24 23 29 53 38 29 58 35 49 27 31 25 46 16 35 59 57 46 20 29 36 50 33 20 21 11 16 27 56 27 48 37 27 12 39 56 52 55 18 49 54 15 14 36 33 39 21 30 12 10 26 16 54 25 26 40 36 46 43 38 40 33 17 11 55 22 35 39 15 29 40 32 28 18 45 10 30 54 12 17 26 23 27 10 51 43 35 59 34 51 54 13 49 16 56 50 30 27 56 29 38 41 13 17 30 31 22 44 43 53 17 27 43 35 19 46 35 26 39 28 37 46 27 46 29 20 38 56 46 33 42 10 33 34 49 54 45 13 25 15 14 31 24 56 32 46 37 31 19 32 47 57 36 46 
37 12 22 44 43 48 12 34 44 16 12 39 38 57 59 10 32 37 26 44 55 53 51 48 44 16 10 31 39 40 48 13 41 47 41 19 52 53 46 31 56 37 14 31 26 13 51 40 28 35 59 26 32 52 32 22 51 30 10 30 21 55 41 20 28 56 12 12 33 17 39 12 57 29 32 39 49 13 46 38 47 21 15 15 49 57 20 51 29 28 29 25 45 10 13 29 33 23 34 31 55 29 32 49 59 50 13 25 30 30 30 17 56 43 50 49 17 45 34 44 50 54 13 54 36 19 43 34 11 36 36 56 57 48 47 49 30 45 10 23 45 24 25 39 21 40 28 18 59 34 27 25 33 58 29 19 36 30 45 11 
26 25 15 18 28 53 43 28 17 53 55 37 42 51 33 49 17 59 25 32 32 55 27 32 52 35 18 19 10 15 45 36 51 16 22 52 58 53 24 36 39 25 41 58 30 41 34 22 17 44 55 52 48 45 21 30 58 20 11 46 11 28 59 11 31 40 17 54 43 52 14 57 40 47 16 42 27 27 56 22 31 22 56 29 16 51 16 34 17 52 49 38 11 22 45 55 55 11 40 57 56 40 45 11 55 39 39 42 19 51 50 24 15 14 36 12 43 40 56 47 53 42 29 56 43 31 57 57 50 13 35 15 28 32 56 23 37 50 53 20 38 23 30 49 38 56 36 10 47 29 53 14 11 10 48 11 57 58 19 42 
25 53 43 53 47 32 53 56 52 33 15 50 45 45 26 58 16 27 50 28 39 24 29 26 24 32 22 12 37 38 58 50 37 19 56 27 16 49 38 54 26 16 43 51 28 47 48 14 55 46 11 55 54 24 21 54 56 52 56 23 31 48 52 23 18 12 38 47 19 35 42 44 18 49 18 26 17 38 17 55 56 28 42 17 10 31 55 28 41 52 41 35 43 43 34 11 56 29 46 12 10 29 25 13 41 56 10 59 54 16 50 21 36 53 11 49 20 33 17 45 46 37 47 43 36 45 20 36 53 17 29 10 54 14 39 31 59 48 58 33 30 42 18 11 58 51 59 20 16 41 56 24 44 35 41 48 55 50 38 23 
34 34 29 29 37 39 54 48 39 59 13 56 36 28 56 34 28 40 32 30 43 39 33 36 48 54 10 11 51 48 27 35 22 26 46 29 37 55 41 52 12 29 48 47 21 33 45 35 46 40 32 57 58 53 42 37 56 57 54 24 27 48 42 31 26 15 20 27 56 56 25 33 10 13 24 40 18 30 48 26 29 36 23 32 45 26 41 23 13 46 33 42 41 27 32 28 42 47 24 47 17 42 43 18 47 47 28 49 27 24 17 38 45 17 59 14 40 56 43 39 34 58 31 29 26 29 17 31 17 10 13 31 18 37 23 12 32 23 13 40 19 42 53 23 48 12 14 32 25 52 24 54 35 28 34 16 17 38 39 24 
20 55 44 11 59 25 21 59 27 36 56 24 41 32 40 34 45 54 37 42 24 45 40 48 34 10 17 19 44 57 17 21 34 38 55 46 21 42 14 52 31 33 31 58 47 25 28 50 59 47 53 43 22 18 10 13 56 11 46 24 38 49 22 33 53 18 57 17 10 40 18 22 17 30 36 56 26 54 40 33 59 44 45 55 39 45 54 18 11 40 40 33 49 43 59 44 49 19 38 45 19 53 14 29 38 44 42 19 55 50 38 26 10 50 35 12 20 41 55 26 25 18 49 16 24 54 13 55 43 11 26 55 47 32 27 15 42 31 51 21 13 31 45 36 25 19 31 19 38 31 23 40 35 49 40 40 50 11 10 33 
44 43 24 20 31 42 33 29 48 40 59 13 48 22 43 58 35 32 38 13 56 22 25 48 55 57 51 43 11 49 34 29 49 43 48 54 43 19 18 51 42 30 47 35 19 23 19 31 20 22 35 51 57 47 35 36 42 31 52 36 52 19 17 56 59 38 33 25 48 43 53 42 25 49 20 42 41 47 31 39 55 24 55 44 29 16 30 13 34 39 24 54 11 49 29 27 49 21 47 27 22 20 28 45 32 27 16 46 48 24 41 39 14 27 34 17 22 28 15 50 46 47 42 34 11 30 42 12 10 46 24 19 39 25 59 58 11 25 28 14 16 55 47 42 41 47 24 21 57 52 53 29 29 53 33 42 16 57 46 50 
46 24 52 19 13 19 40 10 11 55 30 34 51 40 43 59 30 58 14 20 56 17 55 51 43 39 35 17 47 34 40 29 39 39 29 16 11 59 25 10 37 57 29 40 33 16 30 13 20 35 15 25 33 59 39 20 44 29 24 35 11 41 22 24 24 22 29 47 16 40 14 49 16 42 18 52 34 53 42 10 51 13 59 53 40 40 46 20 25 10 53 25 47 15 50 53 27 41 32 27 17 37 48 21 25 46 48 26 35 17 41 21 33 53 10 44 37 25 23 25 31 17 51 50 28 46 14 41 12 48 15 52 52 14 26 54 33 42 58 22 17 43 17 31 27 29 35 39 15 22 13 52 30 33 42 56 28 24 20 49 
48 47 56 56 14 47 26 51 52 25 20 25 56 25 53 49 41 17 39 23 40 31 14 42 46 48 14 29 54 18 33 12 33 16 52 39 24 53 44 49 55 47 50 35 38 10 51 26 34 57 16 29 48 11 45 47 57 30 12 11 39 48 42 44 31 47 46 46 16 39 44 37 52 26 23 23 29 14 26 42 37 17 57 55 14 59 29 25 56 13 37 38 42 29 26 54 20 43 19 24 26 14 17 37 36 10 57 39 14 42 55 54 32 30 23 46 30 46 33 57 19 40 11 34 22 29 39 22 12 39 47 24 59 50 57 46 29 54 10 42 45 28 45 52 49 34 32 31 40 21 26 23 46 27 54 16 14 36 58 42 
18 18 14 31 49 26 50 43 54 15 33 39 49 35 58 32 20 34 55 32 44 26 46 33 53 35 18 16 22 38 41 21 47 57 43 45 54 17 21 12 11 54 44 34 59 11 51 31 51 14 28 29 12 23 33 34 32 53 43 14 24 13 47 50 45 24 36 34 40 57 47 13 16 50 58 42 40 18 33 24 50 26 22 40 14 34 19 16 27 47 16 33 40 42 23 27 18 39 33 40 47 56 29 38 58 34 30 20 49 17 24 30 21 33 32 14 52 42 36 44 12 20 53 44 11 16 47 49 49 55 22 56 57 35 33 55 14 24 18 51 37 17 37 39 26 10 25 34 18 56 33 37 47 35 32 43 43 26 38 17 
41 42 23 59 27 25 39 37 24 34 47 46 25 36 16 41 46 23 45 34 58 39 57 26 28 46 45 25 11 50 27 50 16 41 25 11 32 19 47 37 37 38 44 11 46 29 39 26 20 51 44 30 46 49 49 10 18 53 15 34 24 12 43 11 24 22 48 17 29 49 11 31 10 47 31 19 34 17 33 43 33 39 59 11 23 36 43 33 23 54 18 23 10 47 58 52 25 15 50 51 23 16 17 31 26 55 36 53 44 42 52 20 26 49 16 44 54 14 42 25 48 25 22 18 54 32 42 11 22 45 13 39 51 37 39 43 23 38 58 55 19 29 18 50 14 32 39 40 34 31 42 45 48 47 43 54 57 30 42 33 
11 34 33 11 27 56 46 10 33 23 53 42 31 55 21 36 17 58 21 35 24 15 31 48 58 12 51 23 48 44 10 47 49 14 24 58 53 57 31 44 36 15 27 29 27 41 36 53 56 14 12 32 33 22 39 11 22 26 50 25 19 37 51 52 21 51 31 56 34 59 45 42 27 41 44 21 42 48 51 16 56 56 14 54 24 51 13 15 41 35 19 43 15 57 32 26 34 36 17 55 19 51 47 47 43 51 43 13 18 38 55 17 18 34 44 12 25 24 40 50 35 10 57 27 39 38 52 37 17 32 46 23 37 57 16 35 55 35 27 55 49 51 42 21 50 18 56 35 11 23 48 24 14 43 52 33 21 48 30 25 
30 42 45 59 14 57 26 54 19 51 50 26 21 40 26 25 59 46 25 11 38 43 53 41 12 57 53 36 45 10 45 36 42 29 15 17 38 15 33 34 46 21 29 27 27 19 20 31 10 31 49 43 45 57 37 34 34 32 12 49 44 32 51 35 18 59 11 41 43 31 23 51 27 26 12 29 41 25 22 26 44 29 53 15 24 44 21 20 17 35 31 55 54 51 44 59 20 49 37 10 57 47 26 14 23 32 11 36 54 45 22 36 59 21 19 20 40 26 11 59 50 20 32 51 33 36 49 58 19 31 47 57 57 17 40 52 24 10 47 17 20 48 16 28 56 58 14 56 24 22 55 29 11 39 24 58 37 58 12 25 
19 26 12 33 41 42 15 27 58 35 57 38 23 38 30 35 41 18 45 27 26 14 58 13 12 14 49 41 16 16 13 54 50 36 51 48 12 15 59 46 23 32 13 19 44 12 15 42 49 24 16 11 24 21 17 53 11 18 32 39 18 39 38 55 59 39 19 19 20 31 42 48 28 51 54 44 50 38 47 28 23 28 50 41 57 43 10 57 31 29 38 13 57 29 58 32 32 58 15 31 25 54 25 41 46 37 33 40 46 37 44 31 59 54 24 45 59 57 53 25 47 37 59 53 40 40 29 21 14 33 48 56 14 57 50 17 28 27 24 14 30 38 40 14 11 55 22 53 17 39 22 40 34 14 42 48 14 50 49 48 
49 10 14 46 35 11 31 10 35 53 37 57 21 33 28 53 11 32 40 59 27 36 26 14 21 54 47 17 18 12 33 39 28 42 40 24 44 48 23 37 26 56 58 55 45 55 12 33 51 18 59 58 28 56 59 51 23 16 56 58 49 49 41 51 53 50 35 51 59 30 45 36 11 16 38 16 31 15 24 57 27 19 35 32 39 24 47 23 13 37 53 50 46 32 30 13 14 54 10 45 36 34 14 22 19 45 52 11 24 49 45 17 42 23 42 56 10 42 25 58 33 53 59 29 30 54 57 27 25 54 58 19 48 45 48 57 25 38 18 25 59 31 54 29 31 22 36 18 36 20 11 36 40 35 37 19 10 25 58 34 
22 36 39 27 33 20 28 33 43 40 31 16 47 45 25 28 39 37 25 44 35 13 51 56 40 35 51 23 47 26 24 44 30 34 43 30 48 51 17 13 26 26 58 49 23 26 41 33 14 18 57 42 39 25 26 59 13 48 45 38 40 30 53 22 36 54 49 11 48 55 56 36 33 41 43 31 57 52 27 10 15 49 13 59 40 21 19 14 17 34 31 17 12 28 54 47 27 12 11 19 57 18 54 38 59 54 27 10 29 13 36 14 33 20 27 43 11 59 48 21 46 49 38 59 21 25 24 23 40 38 42 12 26 52 58 35 25 25 33 44 15 32 52 29 16 52 48 29 28 25 56 18 47 51 29 50 22 44 26 58 
26 37 26 21 31 19 22 10 31 33 57 25 33 49 57 36 23 50 32 23 13 38 16 13 12 52 26 22 52 45 42 54 23 11 29 20 50 11 46 27 20 17 29 17 59 23 55 23 21 53 38 15 33 12 56 15 22 43 46 21 16 52 23 12 45 56 31 14 43 47 25 42 10 31 30 58 45 46 16 31 58 58 39 38 15 38 31 38 54 32 54 44 49 51 19 47 35 52 14 39 49 34 14 41 35 10 26 26 10 10 26 43 46 50 44 56 23 17 21 12 58 37 27 30 29 41 59 13 20 36 24 19 43 34 45 29 44 46 12 12 38 50 56 46 53 44 34 47 47 19 38 56 39 50 30 19 59 55 45 47 
47 19 27 41 56 50 24 38 20 33 19 11 35 41 32 52 58 48 11 16 58 43 40 19 53 55 54 26 56 36 17 21 11 32 49 40 10 23 21 44 57 19 33 23 57 58 33 33 24 26 55 55 16 45 14 26 19 17 14 15 11 34 16 55 10 20 57 50 14 35 39 51 55 23 31 18 46 51 38 16 26 34 51 27 52 30 21 45 39 28 19 53 54 11 27 51 58 59 23 12 18 38 33 32 17 14 20 10 26 34 47 47 48 12 21 58 55 52 48 56 36 18 43 12 31 57 19 25 59 31 34 49 38 30 52 36 18 48 51 47 16 30 51 56 35 42 24 38 26 28 27 43 45 25 15 43 53 19 55 18 
44 11 23 48 35 55 35 56 35 30 33 15 55 37 27 46 18 19 17 42 38 20 21 42 31 33 20 55 44 49 15 57 24 20 11 14 17 11 24 12 35 22 17 46 35 47 42 36 39 28 25 56 17 17 57 54 53 16 13 13 15 53 28 34 49 34 14 29 39 21 38 43 31 27 43 51 50 37 13 26 51 45 29 23 31 44 43 20 55 54 44 45 36 15 21 45 36 14 52 21 29 14 12 12 44 29 44 56 12 16 39 12 21 37 13 44 38 24 28 57 56 47 48 10 37 22 25 47 57 42 36 56 19 25 43 28 35 44 18 50 19 35 38 26 48 38 23 47 56 54 36 59 19 58 45 34 57 10 46 20 
37 21 56 31 42 49 56 23 46 41 10 56 43 17 52 29 50 26 44 16 35 47 58 59 15 55 52 55 14 19 52 45 18 40 35 39 37 17 24 49 49 17 57 51 29 36 11 20 51 18 30 32 47 34 11 53 12 26 13 25 34 10 18 47 35 48 48 41 24 26 58 33 19 41 42 11 58 20 11 10 41 30 56 31 41 25 52 41 18 46 34 39 44 44 32 45 52 44 47 49 35 33 57 45 54 55 18 54 16 14 52 58 47 43 27 16 54 41 10 21 48 15 35 12 26 28 22 20 14 26 58 28 56 20 18 29 23 43 40 13 36 51 45 11 10 38 51 40 40 54 30 56 38 57 15 22 36 19 33 41 
58 54 29 56 41 58 10 48 16 56 57 57 42 40 22 20 33 36 24 49 56 32 29 49 35 26 26 26 33 41 29 56 40 26 52 45 29 45 14 38 10 58 20 31 13 15 18 57 33 59 27 31 20 13 13 25 40 33 11 21 20 15 51 47 21 17 41 29 30 52 19 30 46 26 54 59 53 46 57 52 16 48 41 41 17 26 59 38 22 27 59 34 51 54 34 43 20 29 21 13 14 26 37 27 25 19 39 53 33 14 59 41 54 45 12 23 33 33 56 27 37 44 15 12 49 16 45 47 23 55 34 31 28 18 26 50 57 55 53 48 36 47 51 20 29 36 45 58 41 30 13 47 15 18 56 32 34 24 31 31 
11 52 57 22 10 12 25 44 25 52 32 32 15 20 48 22 42 59 46 13 54 13 27 50 53 54 30 21 15 44 21 35 47 32 28 14 24 23 57 45 20 33 39 53 26 14 39 48 31 25 33 14 36 56 13 39 30 11 59 38 48 30 54 32 26 11 40 22 57 55 40 14 26 41 44 32 54 44 44 15 50 47 12 20 34 47 46 31 25 47 51 21 51 28 59 12 37 23 45 12 25 19 59 28 27 20 23 36 18 41 28 17 19 36 10 19 14 44 19 29 54 38 24 43 33 43 54 13 41 46 19 19 43 23 57 38 19 53 11 22 30 55 24 41 23 57 23 30 14 37 11 59 15 40 50 30 41 22 52 34 
54 37 43 39 12 11 31 35 42 18 25 35 19 15 32 10 36 51 28 23 56 29 16 23 50 32 48 48 57 44 35 41 54 39 45 22 11 26 45 35 20 56 45 23 18 53 12 21 52 12 53 44 28 21 37 10 15 59 56 48 25 28 35 54 37 36 51 34 54 29 56 17 14 43 58 14 12 41 55 58 28 36 15 13 16 16 43 20 17 43 51 20 25 49 35 30 45 37 56 34 16 33 48 36 37 40 17 54 46 38 59 17 39 26 17 21 13 37 35 52 58 56 40 14 14 17 21 19 56 56 48 56 10 48 35 36 33 41 58 57 57 55 21 34 51 11 59 55 28 47 28 54 47 55 12 27 36 24 59 32 
30 19 56 56 36 42 20 34 19 40 36 22 50 28 34 35 48 28 59 23 17 45 45 35 22 30 48 42 37 45 29 14 25 25 47 27 39 59 21 12 37 11 18 10 54 52 10 46 29 18 40 45 18 19 21 39 33 13 51 40 44 59 15 39 21 19 51 21 27 54 56 25 21 50 39 26 32 34 49 14 14 31 29 11 55 52 21 36 40 50 31 19 59 28 21 10 57 36 30 32 58 39 47 17 22 26 23 30 50 51 38 40 14 46 15 46 56 10 24 16 24 38 10 26 13 40 40 24 33 45 30 48 32 39 27 55 54 50 16 44 21 27 46 25 57 52 22 41 21 25 12 58 58 21 31 52 34 11 36 55 
21 17 27 10 50 18 16 21 46 51 29 31 45 17 44 35 41 45 47 42 19 47 28 48 39 50 38 43 25 11 41 36 42 49 49 35 37 59 10 18 53 20 47 33 29 59 29 15 31 32 55 58 39 14 44 22 42 57 12 13 11 36 16 23 52 51 52 53 20 57 27 37 41 14 48 24 52 32 17 27 37 53 41 27 48 25 42 12 20 38 23 35 38 55 21 48 43 49 13 52 31 36 24 44 25 18 35 22 57 33 44 49 37 59 54 44 27 27 56 13 36 52 43 31 46 15 47 58 57 45 34 46 56 10 13 15 20 28 31 18 51 14 33 31 29 11 28 54 52 26 29 51 40 29 24 30 44 57 16 49 
59 46 59 40 14 25 59 52 12 42 38 11 58 26 18 14 31 33 34 59 52 43 30 27 21 46 33 42 58 49 36 20 26 50 51 19 33 49 20 41 32 10 51 13 51 38 37 23 53 36 42 29 19 45 35 12 13 10 55 33 29 27 26 41 46 49 38 51 52 34 15 42 49 56 50 11 36 55 35 55 28 43 36 39 38 36 24 13 20 52 59 30 36 50 46 29 34 36 13 38 24 34 43 27 22 52 34 45 48 57 26 42 57 41 58 56 24 56 28 46 49 46 18 20 25 19 48 37 54 41 52 49 39 41 26 39 18 59 37 44 14 49 24 25 14 32 52 43 25 47 57 23 59 21 53 26 49 57 29 11 
56 57 43 50 57 30 54 10 40 38 43 31 28 20 30 31 16 55 25 31 36 31 23 53 16 53 33 37 26 53 58 52 30 52 29 54 51 18 50 42 13 55 19 34 35 21 38 29 53 19 18 44 25 49 39 54 22 12 35 52 51 13 58 44 17 23 10 32 20 34 42 49 45 20 11 16 30 46 47 32 34 44 45 42 25 14 20 26 43 19 25 42 36 34 48 48 33 28 13 34 55 51 51 15 37 22 50 58 21 37 41 22 42 20 37 27 32 23 56 41 12 18 43 15 41 29 10 51 57 21 16 30 24 37 39 14 17 34 23 17 50 41 25 34 54 28 58 59 22 40 37 44 32 18 54 52 37 23 53 34 
34 53 44 54 18 58 26 37 22 33 55 36 33 36 35 50 22 18 20 35 27 27 52 10 55 31 16 53 19 57 51 49 35 36 21 13 57 51 58 38 12 23 52 20 53 18 44 14 16 57 26 32 24 54 40 23 12 38 50 39 39 57 37 59 32 16 40 18 14 59 47 42 27 30 10 27 27 51 49 48 33 34 13 12 38 11 11 14 11 12 31 31 46 13 14 42 37 17 35 11 43 26 21 58 21 54 35 20 25 23 51 40 14 28 15 37 54 34 26 58 49 48 41 23 43 20 25 55 53 35 32 18 30 52 35 18 51 37 25 29 11 28 17 36 26 43 33 50 47 46 41 37 31 16 30 36 51 40 36 14 
35 55 43 12 48 21 46 13 29 41 14 26 37 47 39 56 56 53 24 18 19 58 10 16 56 17 43 20 44 13 36 34 15 24 44 28 28 26 49 53 39 38 29 17 57 49 14 10 16 52 48 34 49 36 57 32 14 59 58 24 36 38 41 31 43 44 42 10 42 24 27 35 18 16 12 45 48 52 34 36 17 34 25 37 14 27 52 38 45 37 37 33 42 21 18 36 32 17 28 48 49 36 15 26 41 43 50 46 52 48 38 44 43 14 13 38 58 46 11 22 14 37 41 10 40 26 19 28 27 11 23 47 53 25 19 52 31 46 20 36 17 40 27 26 53 31 40 15 37 33 45 27 40 41 55 53 52 41 26 20 
24 35 48 48 22 22 11 58 19 56 49 41 13 38 41 29 29 50 52 17 16 15 30 41 50 50 24 19 40 14 11 13 12 28 54 12 25 30 20 25 27 57 29 52 55 23 52 37 53 33 26 30 38 33 42 47 33 24 59 51 56 43 58 11 22 58 59 19 23 28 49 52 55 53 53 42 39 23 14 22 35 20 40 57 49 32 45 33 14 21 48 30 13 30 45 53 39 37 10 31 29 40 50 49 37 51 10 35 40 44 27 47 53 26 59 10 36 15 47 18 41 15 30 24 14 49 40 47 29 45 42 13 31 23 59 42 57 45 39 54 23 24 19 41 19 44 34 16 29 54 22 43 26 14 37 18 44 30 12 28 
24 18 11 18 19 12 43 44 25 28 51 12 19 44 31 36 38 17 13 32 17 20 38 13 14 45 45 39 23 47 52 21 25 53 36 40 36 26 18 36 21 51 13 37 57 49 22 59 45 20 11 25 26 23 51 17 45 56 32 55 30 26 55 21 13 13 51 17 36 39 19 56 45 57 38 40 18 39 36 43 51 53 47 14 52 14 59 48 46 20 13 31 23 14 17 30 27 10 23 14 49 16 39 13 35 19 48 57 42 12 25 49 42 47 44 26 21 46 23 44 23 10 19 49 42 54 48 14 46 41 32 48 22 10 26 47 46 46 37 52 52 32 44 52 54 37 36 11 47 56 46 34 27 36 56 44 55 35 34 16 
45 35 10 46 58 14 48 17 38 46 11 26 43 51 50 33 55 42 42 23 11 52 16 54 18 39 14 45 31 42 31 35 57 22 47 51 27 40 15 41 33 10 28 50 28 43 19 42 35 57 52 11 53 18 14 17 56 55 45 33 18 26 54 16 43 54 57 45 35 45 19 53 29 47 53 48 50 54 22 20 13 14 27 25 18 25 28 58 46 34 48 16 36 34 41 53 38 46 11 35 10 33 30 23 26 45 35 54 57 18 16 32 11 48 53 30 26 10 37 27 47 25 27 53 30 52 21 55 43 26 19 54 45 10 59 34 23 28 34 19 35 24 49 11 28 32 20 40 45 16 55 52 45 27 47 10 41 59 48 22 
43 45 46 19 56 56 35 30 14 44 15 45 59 59 20 24 42 17 56 57 33 44 34 19 36 46 15 58 33 48 50 39 32 59 20 55 54 59 38 21 59 51 10 17 56 53 59 36 58 45 22 25 37 17 32 54 26 17 15 47 35 50 34 26 49 10 15 31 27 10 51 50 13 23 35 10 24 41 21 51 35 12 28 50 10 57 48 25 39 42 14 42 50 37 10 55 28 33 42 57 37 11 21 26 11 13 19 50 21 39 30 54 12 55 50 27 35 27 59 53 37 36 19 12 18 16 26 27 11 15 51 49 24 47 35 14 27 35 55 40 15 29 54 21 55 42 18 31 18 32 31 41 10 36 59 41 47 55 10 14 
26 21 52 47 34 20 55 48 40 56 55 50 42 59 24 44 10 34 15 27 37 31 35 55 18 24 20 50 58 11 33 59 21 35 41 53 44 44 17 43 56 46 17 20 32 53 29 12 28 48 35 31 57 19 28 30 51 13 45 24 36 19 28 44 15 55 42 30 11 51 47 29 56 47 10 20 44 38 17 58 39 46 58 43 55 12 45 27 57 43 54 13 51 54 25 20 15 15 11 12 33 18 30 44 47 51 19 30 14 27 12 18 54 23 34 36 14 52 57 13 17 44 12 36 35 44 46 41 33 51 55 28 15 46 50 41 27 41 51 27 20 21 38 56 13 18 33 15 20 22 37 43 52 54 21 55 28 53 16 23 
33 45 58 37 53 54 41 54 12 45 55 37 50 18 12 45 11 32 51 31 30 22 43 14 24 58 23 51 28 21 32 57 23 25 23 25 32 45 46 33 32 54 54 50 44 39 45 12 27 59 38 10 46 59 10 26 15 32 10 26 12 21 49 38 24 27 30 20 31 19 41 35 28 47 43 43 37 16 58 53 16 32 30 47 54 48 53 58 57 58 54 58 17 28 23 53 42 19 47 10 46 11 26 30 22 36 40 23 25 37 11 50 18 30 49 59 30 30 41 52 33 41 39 20 28 47 26 37 56 44 12 33 21 34 19 20 46 16 11 26 36 59 40 57 29 45 11 54 49 45 24 15 31 47 20 14 37 57 59 38 
20 16 28 25 46 42 24 23 29 36 52 32 16 34 59 45 25 16 53 59 16 25 25 33 23 50 32 17 58 18 44 42 23 34 59 25 13 46 51 11 53 24 29 40 30 45 31 16 14 23 12 11 53 44 50 44 43 42 14 36 57 34 14 18 17 12 55 57 36 50 53 20 20 28 43 59 21 53 40 18 38 44 30 14 51 36 52 24 41 55 54 30 49 39 25 17 53 58 25 11 37 46 29 18 26 23 41 57 34 11 32 33 46 25 59 55 35 16 14 40 36 48 34 44 44 36 28 41 31 36 34 39 40 23 33 36 57 24 57 27 54 36 19 26 18 58 36 32 41 28 41 10 41 51 46 50 24 53 51 16 
14 21 51 23 25 40 48 10 40 19 48 13 51 48 43 49 18 31 21 50 54 38 19 29 50 28 19 11 16 13 45 38 53 25 22 40 58 54 26 41 57 54 11 48 47 16 56 17 44 32 38 21 12 59 26 56 31 49 56 44 37 10 44 24 25 40 44 53 15 21 34 59 27 42 42 56 31 22 56 38 50 18 43 33 16 17 22 14 38 23 33 56 51 57 37 26 31 35 10 10 32 54 20 57 45 27 28 16 55 35 43 14 27 47 41 32 13 50 35 51 32 49 18 43 32 38 51 11 12 19 11 50 11 38 31 33 35 14 35 38 26 46 31 49 46 24 27 58 31 57 20 18 16 23 44 40 48 27 47 48 
21 19 54 31 44 24 59 48 16 58 21 52 19 18 30 20 15 56 29 56 31 58 24 52 33 10 44 47 50 16 29 16 15 16 42 12 40 15 31 43 32 20 49 10 50 49 31 10 50 24 19 39 23 31 24 31 25 34 59 59 29 12 14 16 50 46 12 56 29 30 28 21 40 33 26 50 17 42 13 57 54 10 39 20 41 41 11 31 55 20 46 13 35 40 21 52 48 14 42 35 12 24 57 40 17 29 42 21 40 46 55 13 10 48 35 51 36 52 53 55 40 54 58 43 54 59 59 16 21 18 20 58 35 18 36 18 22 33 32 23 29 53 16 15 41 24 52 30 21 33 58 20 51 13 28 53 49 46 45 46 
