12 57 19 39 39 15 33 28 28 10 13 26 19 40 35 27 38 45 10 47 24 56 44 32 29 36 42 20 40 59 40 40 57 20 33 33 42 13 33 58 40 35 56 36 12 39 20 38 47 12 20 25 44 41 24 12 40 25 41 25 18 43 25 27 22 15 27 28 34 28 14 45 45 46 37 26 28 39 54 14 35 50 34 17 32 48 41 23 16 37 16 33 13 42 54 26 33 57 12 26 47 48 28 44 14 59 58 55 25 12 28 27 40 56 10 45 27 54 45 25 
12 37 43 51 31 19 51 26 37 31 10 50 26 18 57 30 58 54 35 26 14 25 52 40 22 30 45 57 48 28 30 20 35 14 34 36 17 36 57 30 25 54 43 53 47 13 23 44 33 50 20 57 10 11 36 55 41 46 25 45 19 59 46 49 58 10 13 21 54 43 23 52 24 17 38 48 42 19 49 40 10 35 31 57 32 56 33 20 53 40 34 28 55 41 24 49 42 11 54 53 29 14 58 37 48 17 40 44 42 30 44 56 48 18 44 21 27 49 50 40 
20 14 23 44 52 32 10 25 22 50 24 36 55 55 43 26 12 24 40 51 27 55 39 37 46 35 49 29 49 43 12 17 29 47 44 13 56 12 10 36 56 24 51 46 12 21 58 52 59 45 14 40 46 42 44 28 37 25 18 18 51 27 48 38 26 18 48 52 25 13 54 39 36 19 46 50 44 45 19 33 47 56 27 19 44 55 15 26 13 11 35 11 45 15 37 33 58 50 43 59 23 11 16 50 12 59 41 47 21 33 28 39 53 47 47 26 49 28 29 46 
54 50 40 54 19 44 58 40 36 53 12 59 59 20 52 14 24 49 36 11 19 19 37 13 37 29 20 25 29 15 31 48 15 42 34 27 17 35 19 41 50 43 52 12 50 18 45 40 59 51 12 54 49 29 28 59 19 54 15 24 58 18 32 26 35 52 47 56 35 15 32 53 57 13 16 30 46 12 16 47 53 56 55 48 18 16 44 45 14 43 22 49 40 14 31 13 57 45 20 43 27 10 11 33 21 26 23 10 55 36 47 24 19 27 44 13 32 48 43 10 
38 34 21 33 56 55 41 46 48 34 42 12 22 34 26 46 27 10 30 35 52 51 18 50 33 53 48 13 26 18 16 43 23 38 53 17 59 26 30 44 54 40 16 56 56 59 28 51 45 24 13 21 29 56 49 29 31 17 41 14 49 56 54 16 39 57 17 14 50 13 26 45 43 11 17 11 19 35 24 36 18 33 18 46 22 20 17 37 22 19 21 15 17 15 44 39 36 15 17 37 45 38 36 14 29 12 29 31 55 26 28 31 54 47 13 29 41 19 26 30 
58 23 54 24 24 59 14 16 46 56 32 33 25 55 18 54 53 19 33 32 37 11 15 25 36 17 16 24 22 37 41 15 23 56 17 15 16 21 53 25 44 46 38 39 33 59 29 35 17 27 18 45 45 44 40 42 42 55 23 28 35 33 35 36 33 29 13 30 29 18 29 52 30 44 50 45 43 53 28 36 49 29 45 32 10 26 21 42 25 52 57 54 53 15 55 20 41 59 42 10 41 35 34 42 13 37 27 18 38 36 39 47 12 44 28 19 22 46 34 22 
14 23 28 58 38 34 36 35 16 17 45 26 33 14 30 11 15 28 33 41 47 48 33 31 40 18 28 35 45 27 21 34 15 52 49 39 40 30 45 11 28 26 43 28 14 10 16 19 35 47 17 17 54 22 18 58 24 31 10 15 54 36 56 18 39 56 26 44 55 52 22 27 44 30 58 54 57 59 52 59 24 20 51 30 59 15 45 39 22 23 57 21 24 10 31 48 26 14 49 37 45 32 42 54 41 23 32 58 53 10 47 59 29 49 34 21 10 34 21 33 
26 26 54 18 38 44 48 30 50 50 55 36 25 25 40 17 30 38 15 40 20 14 10 37 36 56 57 29 37 31 42 10 35 13 29 18 56 36 27 27 19 37 45 51 59 12 45 15 40 51 15 48 31 30 16 33 43 42 27 42 15 19 30 31 58 56 10 31 46 50 27 40 50 58 18 48 21 13 27 54 17 50 10 37 47 47 26 43 31 54 13 58 21 33 43 35 10 50 42 36 28 41 25 48 48 32 24 15 12 15 55 46 39 57 19 41 24 59 33 17 
56 18 42 12 17 20 33 47 31 47 18 59 31 39 13 13 57 54 11 47 50 11 26 17 31 28 44 11 17 57 55 25 49 33 19 19 38 33 34 36 19 53 22 11 58 52 53 55 11 40 57 39 16 53 44 27 10 48 16 11 13 39 54 29 29 27 50 20 47 39 47 49 21 39 34 51 25 21 52 25 10 47 47 43 10 14 21 56 28 53 55 31 14 26 10 21 34 27 36 46 52 39 47 49 34 13 47 41 45 51 34 56 50 43 21 40 25 19 37 51 
33 56 50 57 37 38 59 22 56 38 22 49 29 51 48 18 29 52 53 38 43 43 46 11 20 46 35 24 33 31 10 32 48 39 40 58 30 43 43 45 43 44 16 36 17 59 33 22 22 55 28 26 21 42 56 58 57 26 27 40 30 54 34 17 49 53 17 37 42 56 27 19 16 55 10 21 22 17 45 38 26 47 42 25 36 52 28 48 20 20 57 51 45 49 29 55 20 42 35 36 17 12 18 27 41 36 26 41 27 22 41 46 49 55 29 56 52 58 52 57 
21 50 47 49 14 58 43 19 59 13 37 12 36 43 11 54 24 30 16 29 29 48 58 31 11 42 12 23 37 11 38 46 19 18 43 43 12 46 34 22 56 33 39 26 37 21 36 53 57 59 26 57 19 41 43 48 29 53 51 52 41 31 26 26 32 54 36 53 52 53 48 31 27 28 32 33 36 13 21 14 36 28 26 31 46 24 45 51 55 25 46 47 19 14 52 39 51 28 47 17 44 58 23 58 11 53 43 50 16 51 18 55 34 41 46 13 24 23 14 31 
32 13 54 55 29 57 31 55 31 28 18 10 14 54 44 51 33 20 56 27 25 57 42 21 45 40 33 38 14 49 26 21 59 20 24 47 40 45 55 22 29 46 25 28 45 40 17 55 27 35 55 31 41 42 23 46 30 42 10 11 16 40 54 10 27 46 34 11 47 52 44 40 15 26 51 32 16 22 57 36 22 57 17 43 48 56 18 28 37 49 12 52 19 24 14 22 53 48 52 54 52 48 20 39 43 33 13 57 17 30 32 10 40 10 27 24 18 59 34 14 
21 19 17 13 19 37 18 53 41 14 50 18 14 26 39 22 33 25 15 28 20 40 25 43 57 16 53 34 18 48 22 54 40 43 52 54 45 56 38 30 46 45 37 13 46 38 35 25 16 38 50 49 10 17 58 12 29 29 31 16 18 54 25 58 51 42 11 31 53 47 39 20 56 53 51 55 44 41 23 27 42 44 28 41 38 16 23 21 22 47 15 49 16 41 40 25 27 26 26 47 26 23 18 11 31 22 14 25 58 14 26 42 52 55 55 56 24 49 34 37 
17 22 38 55 29 30 46 27 34 57 14 17 41 10 58 52 12 29 52 31 44 26 52 53 58 55 31 40 32 58 37 42 18 40 37 24 41 26 40 12 17 37 23 42 46 38 47 54 34 31 23 39 17 27 40 22 40 37 58 21 57 54 28 32 26 12 40 47 14 58 42 11 57 49 50 51 54 30 51 58 59 59 12 16 18 42 16 59 54 51 10 53 17 26 45 49 23 32 15 18 14 40 54 20 27 14 20 48 43 14 13 11 16 31 35 34 50 39 14 51 
54 18 20 22 14 48 10 55 23 34 31 40 53 34 37 29 29 59 21 30 20 43 52 57 57 21 57 36 16 47 59 58 19 56 23 15 10 59 42 39 35 29 34 53 29 33 51 28 23 52 13 10 56 28 30 40 25 47 27 15 30 43 58 14 55 17 16 57 53 52 30 15 29 41 32 16 51 52 55 16 35 43 35 58 19 33 31 18 31 17 12 57 36 56 10 51 50 39 29 49 34 27 15 55 31 15 44 55 54 33 17 28 20 23 39 50 32 34 57 40 
48 40 12 47 33 21 26 27 43 58 57 34 37 55 43 12 13 27 15 27 40 13 47 18 37 41 29 34 38 40 23 42 18 43 22 29 27 10 59 20 11 33 10 59 18 54 21 24 12 18 36 39 30 54 29 13 39 38 58 54 26 27 33 43 12 16 14 46 32 12 48 33 58 34 19 13 37 30 40 22 48 33 35 37 24 38 23 23 24 40 51 41 23 31 51 12 21 47 31 22 40 38 30 15 31 44 54 19 52 28 12 47 10 25 21 51 29 17 32 16 
51 13 24 13 48 59 48 48 36 43 42 21 54 26 53 37 33 18 16 42 33 46 18 41 10 18 51 10 40 36 22 56 15 36 33 37 27 59 54 21 11 44 11 14 30 20 13 41 58 15 25 10 32 14 15 37 37 42 52 58 49 59 15 51 35 28 16 10 22 51 23 18 29 15 23 57 33 54 46 44 41 29 33 46 17 32 13 21 35 18 57 48 51 14 39 18 10 48 18 42 18 27 15 18 29 35 33 33 56 51 36 54 58 45 43 12 18 22 55 57 
36 14 55 35 21 49 40 51 27 47 10 12 31 57 34 12 50 14 20 59 53 37 35 54 53 47 46 17 41 43 21 12 11 12 55 34 52 46 59 19 42 37 37 27 21 58 35 47 35 13 50 47 33 10 44 42 17 48 12 39 32 17 33 12 32 34 55 52 55 54 17 56 19 28 11 55 23 30 39 28 50 27 15 39 12 29 58 43 36 25 53 54 21 22 30 45 41 35 34 15 21 31 23 27 30 14 35 55 31 51 12 32 11 35 18 47 36 15 25 20 
45 20 42 34 11 37 53 36 39 58 49 20 47 49 30 53 17 38 25 36 10 35 57 39 29 57 35 56 11 59 10 59 54 54 47 51 41 15 42 29 34 46 45 45 21 12 14 46 25 56 50 17 55 51 16 19 12 31 26 42 47 47 36 14 25 51 29 51 57 54 48 33 54 23 35 23 26 35 13 14 35 20 38 54 22 11 40 36 37 40 24 53 15 46 18 58 21 28 48 35 48 37 52 34 15 36 30 24 49 38 26 15 19 22 36 26 18 11 14 14 
21 19 21 47 13 55 30 56 14 41 33 51 41 37 54 12 13 55 42 59 59 50 29 38 53 52 42 42 55 41 54 14 24 56 25 49 50 14 18 42 53 55 21 57 11 31 22 32 19 46 46 36 41 28 47 39 43 15 41 49 15 55 53 24 45 21 34 18 39 28 33 17 48 12 48 36 53 22 44 32 41 40 50 33 50 35 45 38 14 15 10 13 26 57 54 12 45 46 55 26 54 54 31 50 17 25 12 31 16 36 12 38 49 31 40 38 21 36 29 34 
15 47 34 54 59 44 27 42 21 26 59 48 48 52 21 51 41 24 38 39 52 18 47 34 57 29 20 41 45 48 59 28 29 56 27 48 23 15 59 52 55 24 28 20 34 42 43 47 36 22 17 20 23 51 53 45 25 23 31 50 54 13 22 12 50 52 31 42 37 39 12 42 14 51 27 50 28 31 44 31 36 39 53 16 23 29 25 36 19 12 21 10 28 25 26 17 25 50 11 29 56 47 32 28 18 42 36 56 59 48 27 12 38 39 15 30 13 49 24 19 
35 45 34 42 47 24 44 24 53 53 24 40 10 16 37 10 22 11 36 48 34 44 55 38 59 33 16 30 21 12 57 22 32 24 56 40 28 49 34 43 50 17 43 38 10 36 52 46 54 54 24 42 20 54 22 27 58 40 39 46 44 38 30 29 36 24 33 28 51 59 11 46 26 20 52 40 12 27 16 43 25 28 23 18 40 16 36 55 18 12 40 46 28 43 56 24 45 16 38 40 18 11 34 16 23 37 43 38 45 23 46 11 41 30 17 55 26 15 10 17 
41 24 54 19 48 29 27 48 58 10 12 48 11 52 12 16 18 41 33 38 55 19 18 29 38 48 43 23 41 26 23 47 57 25 14 16 54 34 52 21 57 11 15 18 17 25 12 55 35 58 44 14 51 25 59 19 20 19 45 32 57 27 39 41 42 45 37 10 36 48 50 29 55 33 33 13 19 37 38 30 25 33 39 19 28 43 48 41 14 53 45 56 53 25 37 58 55 29 20 18 37 41 16 19 12 27 53 22 42 40 17 27 52 16 25 14 42 46 36 42 
40 15 21 57 17 37 56 24 28 18 48 27 48 50 39 56 54 22 55 40 17 21 54 26 45 54 21 53 52 24 23 25 39 27 51 28 18 47 55 48 30 53 17 47 45 34 38 48 59 33 54 24 58 58 41 36 14 48 31 38 19 43 48 22 16 21 17 51 34 10 28 56 30 37 13 12 55 35 13 25 58 18 18 45 45 40 33 22 25 22 37 29 27 18 47 39 43 18 28 56 51 29 40 30 38 11 14 54 26 58 51 43 46 18 39 16 31 45 39 14 
40 54 51 24 59 41 16 55 28 10 42 11 13 41 19 21 44 40 45 32 11 59 52 36 51 37 18 28 46 30 23 10 18 23 28 45 37 31 41 42 45 55 19 53 45 16 16 10 28 16 49 33 15 47 11 42 26 54 20 44 30 44 13 58 28 12 46 40 26 43 39 35 22 42 16 50 34 19 20 45 31 20 22 20 54 50 18 33 43 35 30 14 14 37 32 40 29 31 45 48 50 33 13 33 55 59 16 15 21 32 45 28 39 47 10 11 29 40 20 16 
56 11 31 47 26 45 33 21 56 44 27 23 19 48 19 40 13 29 49 36 59 44 23 29 25 43 16 58 57 23 37 40 26 22 38 44 49 31 50 13 22 17 26 23 21 18 42 39 28 58 40 15 31 44 56 45 57 58 20 40 21 42 55 16 53 17 51 49 48 41 14 47 33 25 28 15 24 15 42 19 33 44 14 27 30 38 46 39 24 58 16 24 29 42 20 53 27 24 12 59 58 22 26 16 15 18 20 32 42 24 51 59 16 52 14 35 56 20 18 31 
12 48 55 31 35 42 46 56 38 27 33 47 31 49 47 16 53 55 35 56 14 25 49 37 38 43 29 17 20 10 16 50 52 13 57 24 22 33 42 29 53 53 30 46 53 22 47 16 40 46 19 52 43 41 33 44 16 27 42 12 13 51 16 58 31 19 29 46 51 23 47 55 46 33 27 49 16 19 20 27 45 14 10 21 53 44 16 10 57 20 30 20 38 21 37 27 55 21 48 35 23 54 22 22 50 13 11 20 57 13 10 44 36 56 27 14 47 29 27 46 
23 17 35 23 52 59 32 35 40 44 12 38 43 29 18 26 20 34 12 14 57 53 49 42 23 33 21 59 45 43 30 45 42 28 46 10 26 47 23 20 52 19 43 45 14 52 42 26 51 21 37 17 54 55 56 40 57 58 42 46 17 33 49 49 36 22 38 24 10 13 18 50 17 32 13 36 27 28 49 16 18 41 19 40 19 12 52 23 43 56 16 32 40 54 15 27 20 40 30 12 15 42 21 53 39 38 23 36 21 30 32 11 25 15 30 32 41 56 36 35 
19 32 34 55 11 41 14 13 52 17 54 42 10 46 23 58 39 38 54 39 10 25 38 42 13 49 55 54 29 39 25 21 46 52 53 56 29 41 59 12 49 14 33 37 24 54 40 57 41 13 21 33 13 12 39 14 36 24 30 11 26 30 49 45 55 40 14 23 32 56 13 13 22 19 25 10 17 12 23 18 39 29 47 52 50 28 16 31 44 49 37 53 30 15 21 13 17 32 19 38 52 59 39 15 12 56 29 26 11 40 26 18 11 47 46 31 56 57 58 26 
35 28 22 35 35 18 59 59 15 45 19 42 31 55 43 23 52 54 54 11 35 59 41 36 54 49 20 26 49 12 24 12 15 39 12 39 31 29 26 46 35 10 16 14 46 22 51 45 27 35 46 37 28 27 38 59 32 28 14 46 15 21 10 35 20 24 10 11 12 47 29 28 18 18 33 54 56 52 29 11 56 13 35 11 11 36 29 51 28 34 43 48 58 31 40 51 54 42 36 59 58 37 33 23 22 22 32 41 47 14 33 49 39 48 39 31 17 27 28 33 
21 41 21 45 55 22 13 59 34 38 45 13 16 45 41 52 51 10 15 41 55 18 54 27 55 24 29 54 36 11 43 26 13 21 59 26 30 34 57 45 56 18 50 48 57 30 23 40 45 35 18 36 41 55 43 51 32 31 15 19 19 54 12 58 28 32 22 39 39 56 12 42 14 42 54 20 30 57 27 24 27 59 29 12 30 38 34 37 28 13 37 46 47 30 18 34 20 18 53 34 18 28 56 54 40 28 58 13 45 48 37 31 21 11 15 11 17 14 38 35 
21 27 17 39 16 32 53 12 40 23 54 22 38 57 57 37 48 16 13 53 57 55 47 14 29 57 14 44 33 32 45 19 17 17 31 50 28 41 49 52 22 15 35 46 31 43 34 47 49 49 51 26 13 39 54 51 15 27 32 18 20 25 44 42 12 47 41 59 44 16 30 17 28 26 19 11 23 16 27 49 23 12 22 17 22 59 58 59 15 15 15 21 24 12 49 48 26 49 31 18 10 45 12 46 56 48 14 29 31 44 34 37 52 37 38 59 23 31 21 17 
44 33 21 31 48 48 41 54 45 34 19 54 33 52 24 30 56 54 51 31 23 41 57 21 26 19 39 39 27 44 49 55 23 28 11 22 16 51 22 36 24 13 25 35 27 22 43 11 21 14 25 30 39 49 16 22 44 42 16 27 15 39 25 50 24 17 53 43 56 34 32 34 54 31 46 52 18 40 35 32 25 41 54 59 24 24 15 28 48 26 48 56 50 56 13 43 15 33 36 10 33 47 28 20 44 16 54 57 14 38 16 11 34 35 54 13 31 40 37 22 
50 23 52 25 55 33 20 10 28 24 46 50 59 41 25 18 11 39 50 21 35 53 16 17 28 51 19 59 22 52 30 10 36 39 43 56 47 29 24 51 34 30 10 21 56 34 50 53 38 35 33 49 58 59 17 17 29 21 17 53 46 25 27 21 24 59 59 18 39 50 58 38 34 11 43 38 33 47 57 49 35 37 26 10 23 46 43 31 52 44 54 25 21 23 13 14 40 40 48 15 53 46 15 29 57 43 16 57 29 48 59 44 27 27 28 26 52 21 22 48 
59 36 36 21 32 59 15 53 52 14 18 29 42 11 59 41 26 22 34 30 13 12 19 19 37 41 59 33 29 22 50 10 30 41 13 16 40 11 43 35 19 55 48 37 34 55 53 41 39 34 22 18 56 41 50 41 51 47 37 39 46 38 25 55 47 59 15 26 53 51 57 43 54 56 11 28 23 32 44 38 48 41 35 16 51 46 37 10 25 23 51 13 56 47 45 22 39 35 18 48 11 29 35 50 42 19 14 44 39 31 17 54 22 19 14 46 58 45 12 28 
23 11 10 18 47 16 10 18 39 53 14 50 34 31 10 46 34 12 43 23 21 38 57 42 53 16 18 50 59 19 46 27 55 21 45 21 17 12 46 53 56 57 41 32 30 41 19 14 38 34 29 14 53 43 23 26 35 27 14 13 20 35 55 58 31 58 30 57 23 24 33 29 55 22 32 42 18 16 11 35 35 41 20 47 14 29 42 52 55 16 31 32 21 29 15 45 31 54 59 10 34 50 54 48 57 43 24 12 12 29 20 41 48 40 17 20 43 12 53 47 
42 20 18 10 45 47 40 47 35 16 40 56 52 48 45 31 41 33 27 53 16 19 52 41 34 41 26 47 13 45 23 44 33 49 29 53 35 11 26 40 11 37 53 12 41 47 26 49 19 42 11 58 38 57 30 50 27 25 17 19 17 35 27 23 48 56 10 37 55 35 53 57 24 16 15 59 24 16 20 12 17 24 48 28 57 19 57 41 51 19 49 26 20 26 28 57 30 22 50 30 20 59 51 36 52 45 13 18 37 57 58 33 21 34 22 50 11 33 37 50 
46 40 59 43 21 40 35 23 47 48 49 38 40 43 32 41 16 56 45 43 47 50 29 39 35 21 55 43 42 21 10 49 47 49 58 28 26 30 13 31 55 12 41 48 17 29 26 36 18 28 25 25 35 17 57 55 49 44 31 18 55 24 51 31 41 15 44 35 39 53 10 10 26 36 39 46 16 11 42 29 55 14 54 58 40 42 23 48 25 49 52 45 43 21 29 54 23 43 28 31 12 44 44 53 36 21 34 45 39 15 29 19 27 21 49 20 15 12 19 32 
41 55 40 37 17 21 30 52 19 19 17 38 51 14 56 36 16 42 10 18 19 48 56 18 22 13 35 14 43 10 50 37 50 53 12 42 57 19 44 57 27 59 19 30 52 51 21 37 19 50 23 56 22 53 56 22 55 14 51 22 24 34 56 37 46 22 10 56 19 53 59 31 57 28 47 40 29 40 25 28 44 44 40 26 12 36 28 59 26 35 19 22 14 15 42 49 54 52 50 38 57 37 24 13 51 17 51 35 17 41 53 20 24 53 41 49 30 42 51 35 
35 59 24 19 32 54 23 34 19 36 31 46 58 48 22 32 51 36 50 54 38 36 41 29 31 30 35 43 35 55 18 51 13 36 56 33 31 23 33 17 18 13 53 29 40 29 52 21 37 15 32 53 21 29 38 47 39 59 36 16 54 55 25 34 13 42 18 58 28 27 42 19 27 40 56 36 10 52 33 57 23 21 17 15 42 15 30 34 49 21 55 37 53 37 23 24 16 56 41 26 45 25 39 48 58 58 58 35 35 47 55 57 23 40 31 28 26 14 34 12 
31 32 49 58 12 51 40 27 46 41 17 35 23 16 30 58 49 40 21 48 30 39 10 34 19 11 42 14 55 57 43 32 20 29 40 56 15 38 53 32 52 40 39 46 31 41 37 16 28 32 21 44 50 53 24 21 50 35 10 33 46 48 43 46 38 36 38 30 56 45 33 36 52 42 11 32 54 45 27 30 28 22 28 44 55 26 53 54 10 41 47 39 37 25 37 45 16 24 36 19 49 45 52 40 32 46 13 48 37 45 37 47 23 13 55 47 25 36 47 20 
10 12 45 57 41 46 32 57 31 50 56 25 16 17 42 43 18 53 30 58 35 23 22 58 21 13 15 58 52 40 20 13 48 26 59 15 52 28 46 14 13 47 22 54 16 45 32 15 54 10 49 29 40 21 12 13 26 32 46 33 32 25 35 10 48 13 58 44 27 54 12 20 54 31 29 16 59 27 32 23 45 20 12 36 56 53 28 56 54 49 38 38 25 27 54 50 10 18 36 40 16 38 12 43 41 23 39 39 12 41 43 16 11 15 35 24 45 31 20 17 
16 32 35 20 28 52 44 35 16 30 38 33 21 59 13 13 36 28 29 44 36 31 22 35 53 38 37 43 36 47 58 16 18 34 42 37 11 20 56 35 58 24 44 28 51 50 12 34 37 29 11 37 18 57 57 26 37 46 35 38 37 27 39 34 13 35 45 53 59 16 55 14 21 14 21 47 49 56 11 58 36 45 54 57 34 44 14 15 31 16 49 52 25 39 56 43 26 59 44 47 36 53 19 10 34 19 33 45 33 49 30 25 47 52 28 40 55 12 37 51 
14 15 19 43 33 17 34 49 35 52 53 33 56 50 50 33 30 41 17 31 40 10 57 10 46 59 53 49 30 52 16 59 40 42 35 15 57 51 19 49 14 14 55 43 15 22 47 26 17 59 17 50 46 23 38 35 23 59 18 55 29 28 17 53 21 16 34 10 30 29 40 48 46 54 24 17 41 30 39 32 18 27 35 40 34 25 49 46 44 30 53 49 41 30 20 16 14 46 50 59 48 56 25 41 38 50 58 19 51 51 35 33 19 46 44 32 36 28 18 48 
30 58 24 45 41 48 29 39 33 43 36 52 15 22 35 55 58 29 29 49 26 45 35 43 25 40 10 32 30 48 14 55 45 16 34 12 23 53 31 25 11 15 43 17 50 42 59 56 29 48 35 30 41 56 48 20 40 44 30 51 56 49 46 54 47 12 35 13 32 45 29 52 29 55 14 12 56 54 20 20 36 51 27 51 17 56 33 33 49 14 29 56 38 45 29 25 52 40 58 55 27 10 37 55 14 57 37 26 51 28 43 58 47 27 41 26 25 12 43 53 
19 39 27 27 24 19 59 35 13 54 55 51 37 41 25 11 37 36 17 51 12 43 42 13 45 40 43 14 13 13 35 41 57 18 59 35 33 55 51 32 58 48 45 48 48 21 44 46 35 14 52 59 30 23 58 18 27 13 36 48 37 59 46 13 37 56 10 26 21 29 40 11 37 51 36 17 37 20 49 47 39 15 30 41 30 34 22 58 54 31 37 35 10 17 25 13 31 13 21 15 54 13 44 33 46 30 48 52 29 49 45 42 15 27 32 17 53 47 22 59 
33 51 55 10 10 26 32 40 13 22 44 54 44 43 40 21 43 16 53 35 59 38 38 42 22 24 52 49 49 10 34 25 37 32 39 57 51 36 48 49 19 19 20 47 54 54 53 50 43 30 31 10 57 12 53 39 25 49 25 19 31 38 18 46 11 19 39 43 21 38 49 13 15 31 16 42 56 14 56 17 22 27 29 25 30 43 11 25 29 16 21 27 49 58 26 16 24 45 22 59 26 19 38 37 40 31 20 27 58 37 32 12 23 59 44 33 22 53 23 16 
18 12 54 39 16 23 20 18 41 43 11 33 51 31 45 48 51 56 59 38 40 45 55 54 39 36 10 50 26 36 41 49 12 28 42 56 55 34 53 59 54 24 27 43 29 59 39 41 34 32 19 37 57 53 22 43 50 13 53 41 13 46 29 28 32 36 48 45 54 27 17 35 33 10 50 58 29 19 45 34 28 16 32 44 48 56 57 23 27 33 49 49 23 35 36 42 31 44 13 29 37 23 47 42 26 41 41 24 53 56 37 44 12 53 28 34 14 39 24 52 
42 34 12 53 21 18 43 44 38 49 17 40 40 38 44 13 36 32 22 29 40 58 28 19 52 38 42 54 55 45 53 46 47 17 24 28 55 39 13 38 59 12 48 42 13 57 51 55 50 52 25 19 45 35 35 35 11 45 45 38 16 48 28 22 13 26 43 24 42 58 10 36 47 45 29 51 16 22 54 13 35 11 51 31 20 56 50 54 26 21 24 47 57 55 38 14 31 49 18 51 55 43 26 21 30 54 12 35 48 29 37 29 47 59 39 37 10 54 27 47 
42 35 35 19 22 54 41 47 27 17 12 35 28 32 24 21 55 53 36 14 22 39 50 30 52 53 51 55 13 39 27 28 59 51 15 24 29 37 36 23 38 28 47 27 17 51 42 59 43 33 40 29 10 53 42 22 56 25 18 16 55 25 29 48 44 46 55 42 18 24 58 23 52 25 53 32 36 49 57 45 52 50 49 19 51 51 55 37 52 31 49 46 21 19 55 59 57 14 34 45 17 13 25 17 58 44 35 48 41 42 17 49 13 17 15 15 17 34 34 12 
29 38 50 14 50 23 52 30 34 58 26 49 16 28 48 39 11 19 48 15 35 23 32 24 16 21 19 45 47 43 44 15 40 50 12 36 52 51 42 34 36 12 55 21 51 42 13 24 58 51 41 32 35 32 24 51 21 40 47 46 40 27 50 36 37 23 51 48 22 52 30 45 10 21 20 54 58 53 18 59 28 40 53 28 50 37 51 37 20 30 10 50 59 33 17 49 15 11 25 35 28 53 29 46 14 26 34 52 35 31 21 46 36 27 34 57 20 37 29 31 
19 21 48 21 55 54 13 25 21 10 45 31 59 58 45 49 50 24 24 28 15 20 53 21 40 55 20 46 22 10 26 57 31 28 26 12 43 37 30 16 21 25 17 20 32 17 22 34 18 28 40 16 57 54 49 49 24 35 22 56 30 41 16 47 29 24 59 28 47 15 14 47 39 44 35 13 15 46 57 38 19 53 29 41 43 44 31 18 37 30 31 15 52 55 46 49 13 21 38 13 10 34 14 22 47 26 38 24 10 25 17 22 35 49 24 58 39 11 12 53 
39 45 29 50 11 59 15 39 43 23 25 33 56 57 35 43 26 53 34 21 55 40 28 36 13 10 45 49 27 51 57 40 22 39 19 43 58 51 13 52 28 30 10 36 30 26 10 42 32 38 32 26 25 59 23 58 12 39 54 30 34 45 11 16 32 40 16 41 27 46 28 20 30 17 26 16 34 34 30 21 37 58 40 44 12 50 48 37 17 25 36 32 40 43 36 13 11 30 47 35 23 51 13 23 35 11 29 45 36 10 40 10 14 34 20 37 54 22 42 54 
59 35 33 29 33 55 12 28 44 36 16 49 57 18 59 11 30 44 46 12 41 22 47 38 54 40 13 26 37 33 14 43 53 18 43 39 41 57 52 40 29 38 33 38 51 48 45 23 47 12 25 31 20 34 37 57 31 56 21 43 46 45 47 23 47 22 33 35 14 59 23 51 51 41 53 54 51 13 34 34 14 45 57 53 54 33 58 45 37 53 52 55 48 11 54 50 33 18 12 18 27 35 42 35 21 51 29 22 11 39 46 55 28 44 54 49 40 15 17 51 
26 25 31 42 18 56 54 20 17 47 17 52 42 13 18 52 25 24 24 30 27 53 32 50 29 26 42 51 11 31 33 24 22 40 19 48 37 34 55 44 10 21 17 13 35 34 24 18 43 22 43 27 47 40 19 59 46 38 19 56 17 52 10 35 43 55 49 33 57 40 52 30 23 38 18 48 27 17 16 47 25 27 21 40 28 13 11 46 51 26 22 42 18 43 18 26 28 42 20 46 16 41 39 33 30 11 42 49 43 42 24 49 24 32 22 47 24 48 59 44 
25 18 54 50 40 43 37 15 35 21 55 56 27 58 29 58 40 11 13 40 16 37 55 40 56 27 11 20 18 30 36 27 40 26 32 22 46 24 13 12 52 17 25 47 22 27 42 39 33 17 55 23 21 41 51 21 59 59 24 21 31 59 29 31 47 54 40 10 16 43 31 52 12 19 32 28 14 56 48 16 11 38 53 38 54 14 22 10 20 52 12 22 36 21 49 53 37 19 49 39 39 23 44 40 28 54 53 50 16 57 34 38 55 33 31 40 36 23 26 46 
16 37 44 23 35 25 38 43 52 36 43 37 21 35 19 51 40 29 50 39 30 32 22 15 52 11 35 31 27 29 27 49 13 47 19 49 50 45 55 29 18 18 18 28 57 46 44 56 21 31 42 41 39 29 55 47 30 27 35 58 48 50 55 47 34 22 45 47 28 27 15 39 38 33 32 38 54 37 46 47 49 37 36 31 17 51 45 53 53 55 34 25 21 20 31 57 31 33 29 50 54 15 42 44 46 26 27 56 35 19 27 32 36 39 27 33 56 38 33 16 
40 10 45 18 17 24 59 43 28 58 30 52 32 31 38 59 20 57 59 19 36 23 54 45 29 38 53 48 44 55 13 50 28 43 26 36 19 41 21 23 20 28 21 51 23 19 10 10 20 45 38 53 31 51 18 56 14 37 19 56 17 42 15 14 18 45 29 42 49 46 48 45 37 35 20 45 50 57 11 59 22 29 36 25 11 32 55 11 35 59 27 17 13 31 55 46 16 10 14 25 54 31 38 21 25 52 29 51 12 25 46 50 30 42 56 10 29 52 24 19 
34 20 28 45 50 22 44 17 49 16 21 18 55 32 51 35 29 12 34 26 15 41 37 53 35 43 10 24 52 35 58 10 37 18 23 39 56 24 59 31 36 16 57 40 11 24 53 45 49 52 21 59 11 54 52 39 55 15 13 11 38 45 15 55 18 34 42 28 19 52 32 53 23 39 48 38 44 26 37 14 50 22 58 22 48 52 48 50 17 27 41 51 58 46 51 45 20 42 22 30 42 49 45 39 34 10 46 54 27 17 43 48 45 55 26 31 41 36 22 43 
18 54 43 25 47 29 50 33 32 38 55 19 21 56 41 36 32 26 58 40 32 17 48 39 26 44 29 28 50 50 31 42 42 12 27 45 56 41 21 45 39 25 47 10 24 58 46 37 41 47 29 53 44 31 18 34 24 41 57 12 14 29 17 54 36 56 53 46 24 44 51 42 32 18 38 53 40 30 55 55 30 51 44 45 37 50 20 56 16 10 59 47 12 56 52 46 56 40 33 39 57 17 32 56 20 50 39 39 41 54 31 59 16 48 38 28 11 24 49 45 
