39 55 32 48 37 12 49 23 18 55 25 44 47 26 23 31 59 48 17 33 56 40 14 27 49 24 11 38 28 31 16 22 51 41 55 16 32 44 15 32 14 23 12 25 20 29 48 57 42 28 44 42 15 57 38 51 33 46 46 57 
43 16 16 57 52 26 44 42 54 53 43 14 17 49 14 54 41 28 54 42 27 24 13 36 27 23 58 47 58 53 11 55 56 42 55 12 59 15 28 13 31 29 11 50 10 40 51 53 16 58 42 55 58 42 46 58 57 45 16 56 
40 23 32 48 29 26 47 37 13 23 47 53 30 57 28 45 18 14 49 29 55 10 33 25 54 38 58 30 45 10 18 43 39 56 55 26 26 45 39 41 48 44 26 50 52 21 15 22 28 10 29 44 40 30 59 37 57 10 10 20 
43 22 55 32 23 58 21 58 14 18 42 18 19 23 21 53 45 33 11 39 45 52 19 51 51 34 33 28 46 12 38 10 55 58 26 47 46 40 45 55 22 49 28 32 45 51 16 27 33 13 25 16 44 29 15 38 58 28 23 14 
55 22 27 38 44 31 31 24 34 31 26 46 10 35 31 17 11 13 37 21 49 39 12 21 40 41 16 38 22 54 37 58 14 23 16 46 50 22 28 26 39 50 49 24 58 33 22 31 39 52 35 46 35 54 10 20 25 48 15 50 
11 32 27 23 44 51 50 40 22 18 44 27 50 44 15 41 56 44 37 36 16 50 20 23 58 40 32 45 56 43 54 25 30 28 52 17 20 53 56 18 13 16 58 11 24 34 25 30 18 55 27 32 34 12 16 36 32 51 32 18 
21 29 43 58 10 26 53 13 40 58 21 54 32 40 40 20 20 26 29 28 56 46 56 49 46 20 23 50 55 13 23 36 54 11 40 50 59 20 38 32 17 55 42 50 16 19 57 35 53 39 41 18 56 58 30 15 36 50 50 42 
59 29 16 29 16 54 42 29 32 58 40 26 23 48 34 45 59 26 36 47 58 38 58 30 32 29 20 26 42 44 49 45 27 58 12 15 47 48 42 34 55 10 21 40 52 54 49 41 10 35 45 12 17 31 48 10 35 30 14 29 
55 52 16 54 58 41 18 36 18 35 49 58 17 44 56 27 40 31 10 42 22 33 33 50 44 35 52 43 18 30 20 24 18 35 15 41 16 56 16 36 50 10 14 14 23 57 17 22 55 58 10 49 26 50 37 22 41 44 44 44 
28 58 35 22 47 26 43 40 21 21 49 21 54 17 24 47 10 31 21 42 43 31 16 25 11 51 43 54 12 21 53 13 49 40 27 18 58 58 30 38 14 23 18 18 19 22 10 27 24 46 50 32 38 18 43 21 16 38 19 41 
33 42 50 49 11 39 34 27 10 57 34 32 36 46 42 49 22 40 12 38 10 51 21 39 38 37 34 58 38 16 54 48 50 59 53 27 15 15 13 30 10 38 10 44 57 22 32 26 50 28 10 43 17 57 26 33 38 30 13 31 
51 21 13 29 23 25 29 37 10 39 15 39 30 22 35 56 33 41 23 45 29 44 18 49 12 31 33 58 30 18 34 18 32 13 54 16 44 28 26 38 50 30 16 16 34 14 50 50 17 19 26 56 22 55 38 47 58 15 50 28 
13 49 59 56 13 26 53 56 13 39 54 26 43 46 11 57 24 40 59 15 31 39 33 34 38 29 27 53 55 47 46 48 18 27 40 30 31 38 49 24 25 28 38 54 30 40 19 46 43 51 46 15 55 40 44 19 47 16 31 21 
42 52 46 43 41 42 13 17 47 44 49 40 22 32 30 31 17 31 55 59 39 36 52 22 29 36 47 19 17 12 23 12 14 38 27 47 42 12 57 53 29 52 37 52 10 44 27 17 19 35 12 40 51 48 12 53 11 31 22 20 
58 20 12 29 50 13 32 12 57 48 16 55 47 33 11 29 30 11 15 42 24 58 52 37 45 45 13 34 55 55 44 15 30 35 10 12 50 58 45 17 22 18 34 57 23 41 21 22 51 47 14 35 12 52 17 47 21 41 52 10 
48 13 12 42 12 30 59 49 43 14 32 56 57 36 45 15 58 35 21 31 22 53 40 59 38 36 47 31 29 20 18 33 59 44 28 34 36 20 31 43 50 36 40 23 14 52 39 10 56 25 37 37 32 56 31 19 32 27 59 32 
52 15 30 50 52 43 50 32 30 21 25 53 11 52 57 19 39 14 27 32 22 23 48 50 38 59 29 24 55 32 46 12 44 44 39 11 10 43 48 13 30 34 41 33 27 37 43 20 44 35 29 59 14 12 22 11 57 46 35 14 
25 58 31 53 35 13 43 37 25 18 29 29 44 36 58 45 13 57 14 51 47 32 14 12 16 18 23 17 12 14 17 54 44 26 37 13 50 32 13 51 42 37 20 54 41 37 25 29 12 13 47 34 12 13 17 13 18 59 30 50 
53 53 34 30 54 59 20 51 39 38 35 19 28 38 17 51 42 46 22 39 26 58 37 38 20 45 51 13 57 42 59 24 25 47 24 22 38 21 12 12 14 41 12 59 44 14 43 48 29 49 20 35 52 18 27 46 33 14 46 26 
25 30 59 39 12 34 53 26 46 23 26 26 11 17 25 57 32 59 25 25 15 56 18 45 40 33 47 35 35 18 45 31 39 24 17 56 40 33 26 46 31 47 31 18 51 31 15 50 14 26 25 16 26 51 33 37 53 59 11 20 
31 56 59 31 18 51 18 22 37 25 58 44 39 22 29 27 22 56 21 15 57 52 35 21 49 14 54 51 51 24 33 54 53 37 41 30 32 15 31 23 59 56 18 12 25 23 51 48 22 17 30 28 47 41 47 36 35 47 13 45 
26 10 50 45 40 53 16 20 55 19 45 35 35 46 22 40 21 22 13 26 10 45 44 34 23 13 13 35 24 19 13 55 59 37 12 39 15 10 34 27 30 38 26 46 10 13 45 16 22 13 39 16 28 33 57 21 32 58 40 29 
23 20 22 16 34 16 35 58 43 26 19 29 10 13 32 39 16 12 48 18 32 38 36 59 26 23 46 21 39 17 31 22 56 28 28 47 13 57 58 55 34 34 47 25 40 51 41 36 44 28 13 41 23 35 46 12 57 35 19 11 
50 10 50 41 18 40 54 45 33 52 23 32 22 59 27 22 24 46 43 54 36 41 40 12 57 41 48 53 30 29 33 31 54 32 40 25 46 14 46 45 53 53 15 18 46 45 47 41 33 52 44 28 33 50 14 43 20 15 27 36 
27 10 22 19 18 20 11 24 53 23 55 43 23 30 55 11 51 56 31 21 45 28 32 41 43 58 23 20 19 16 12 15 34 13 33 48 51 19 37 15 22 24 54 26 10 32 23 30 49 30 15 47 35 39 57 17 13 20 47 32 
42 50 12 30 32 35 33 37 31 17 15 24 12 37 45 21 39 59 25 35 41 51 24 38 28 22 19 32 22 56 59 35 29 22 27 56 51 44 18 17 40 45 38 18 34 37 47 56 48 54 36 56 54 33 20 44 25 15 26 34 
29 24 34 55 53 11 21 12 39 35 45 12 14 34 31 56 25 10 35 26 50 51 50 32 37 14 15 12 27 49 56 20 40 56 24 30 25 47 46 33 39 16 20 32 55 39 47 51 52 20 48 30 12 36 42 17 26 14 36 54 
31 48 39 36 32 54 44 31 44 56 43 57 32 39 51 28 59 23 27 45 14 39 53 17 48 27 43 44 12 59 10 40 39 50 46 33 43 57 24 38 25 18 45 25 43 57 10 12 50 53 25 51 13 40 29 46 19 58 32 11 
31 58 12 44 23 30 47 35 23 10 15 31 29 34 50 34 56 38 12 36 30 10 39 52 37 49 58 55 51 29 32 13 12 53 22 57 56 43 19 24 49 52 17 39 15 58 47 19 45 39 58 38 42 13 13 13 58 17 31 45 
59 24 26 55 34 27 46 14 58 30 36 31 50 14 17 11 43 42 18 33 15 46 30 43 47 51 43 10 35 46 15 29 43 27 30 13 53 23 49 24 52 29 48 49 46 31 33 38 50 42 38 45 57 29 12 36 59 33 52 18 
