54 23 58 48 11 40 54 47 40 48 59 30 54 55 25 21 46 28 24 17 57 22 30 55 14 18 17 58 16 12 55 31 35 41 21 27 48 29 33 18 32 55 20 26 42 59 45 15 54 56 18 38 13 26 31 34 38 10 19 26 36 43 54 47 39 36 13 48 16 34 49 47 32 52 30 52 36 45 40 20 53 31 20 59 27 10 42 22 44 52 54 23 28 47 25 57 20 28 29 31 41 23 12 50 25 58 38 27 36 12 57 24 32 17 26 47 34 36 30 35 28 53 57 18 47 41 55 34 56 35 42 23 24 38 43 59 48 46 35 32 15 23 38 50 20 26 56 17 20 34 47 32 11 50 37 14 11 30 43 22 52 25 25 42 26 34 44 29 18 43 50 55 36 49 29 32 40 16 27 26 
24 51 10 39 32 11 30 46 36 56 13 15 53 14 22 23 26 42 48 23 30 36 50 41 35 33 50 43 29 59 32 30 44 18 52 27 41 52 55 38 14 21 38 37 23 44 38 38 33 38 14 48 55 50 14 14 12 18 25 37 24 59 41 56 58 26 30 14 11 11 42 31 18 14 31 49 31 57 47 14 19 26 52 10 12 27 10 50 40 24 30 57 52 45 59 33 13 18 48 23 14 47 21 12 12 53 44 57 55 44 52 30 53 35 46 29 45 26 38 25 32 57 46 53 44 22 44 39 18 36 43 52 53 36 17 21 31 44 31 36 44 50 12 14 10 26 47 14 19 33 39 18 25 14 33 13 52 29 43 54 53 39 32 58 14 41 11 54 10 43 24 22 48 43 36 56 34 14 29 58 
18 34 57 23 21 58 57 55 31 22 38 35 44 31 25 56 25 40 21 38 43 43 26 56 53 47 31 35 16 48 53 37 18 46 24 36 42 56 39 34 36 54 55 46 47 46 41 25 30 17 30 19 40 10 52 49 34 34 21 12 35 13 46 26 18 19 54 39 56 25 10 11 30 31 32 53 42 54 51 32 27 14 43 58 53 42 54 57 23 33 21 23 14 32 46 29 24 45 44 11 48 49 32 34 55 21 58 31 44 26 21 14 12 51 43 42 17 35 35 16 29 48 28 49 30 39 50 15 13 26 45 42 23 46 27 28 12 34 16 36 26 57 24 25 43 49 19 58 42 16 49 45 31 39 23 42 46 14 35 28 45 13 42 10 56 58 26 56 58 55 39 35 53 59 10 48 15 26 52 26 
37 29 42 54 31 19 39 59 53 26 37 42 43 55 49 28 14 50 21 34 16 49 38 54 28 11 47 11 41 49 12 49 24 50 21 23 13 56 32 18 20 44 39 49 37 53 58 44 38 20 40 14 41 20 30 31 52 25 11 26 56 48 21 27 33 44 29 36 24 47 28 11 59 54 28 44 19 36 17 10 33 25 24 25 57 39 34 41 45 23 53 32 25 47 32 21 48 54 31 31 14 46 21 27 57 47 12 25 57 46 51 11 28 16 26 29 49 31 35 24 33 23 19 59 17 55 55 48 21 38 17 14 33 12 38 45 15 11 43 17 29 34 10 56 43 34 15 45 25 26 49 35 42 47 32 42 39 18 19 25 49 27 16 32 47 12 19 33 50 40 18 41 13 20 24 33 21 28 46 20 
30 20 11 45 58 31 46 11 39 37 23 28 57 40 19 11 17 41 55 10 10 55 26 59 39 17 22 26 21 22 45 33 37 54 18 17 51 54 53 37 15 43 17 19 51 19 19 55 36 55 40 26 58 40 15 27 13 13 58 45 25 58 49 43 34 49 40 35 58 25 54 38 34 44 36 27 32 15 13 58 29 17 37 48 54 33 23 56 41 21 10 16 58 38 15 59 38 56 39 50 28 38 46 53 25 22 50 52 18 47 12 31 23 46 54 14 14 36 20 46 23 36 30 36 15 40 42 26 13 23 57 36 36 36 22 24 26 55 26 19 32 22 22 35 14 46 37 42 25 39 10 20 58 12 18 42 10 42 51 12 53 16 54 16 50 37 27 47 38 41 51 55 55 59 27 34 18 32 18 11 
22 48 48 33 11 40 46 36 29 56 27 17 28 58 27 33 19 23 32 25 59 42 20 27 33 37 42 57 10 23 34 47 29 35 18 32 43 51 55 32 52 27 30 40 40 31 21 59 18 43 21 43 13 35 34 32 58 47 27 20 49 55 51 26 12 42 27 35 53 24 12 56 28 46 16 12 46 39 21 39 58 28 38 52 50 30 15 17 54 11 13 15 49 42 56 34 44 57 58 25 34 58 23 15 27 24 12 39 39 31 43 21 57 17 44 16 57 48 25 46 22 11 38 12 18 16 10 48 37 44 35 49 37 56 16 26 40 27 17 54 44 41 45 33 28 47 46 18 34 13 59 36 59 34 51 17 13 13 59 24 27 37 52 32 53 25 38 59 49 24 57 42 25 37 45 32 22 55 26 34 
25 54 38 57 32 24 21 47 48 37 17 45 31 55 18 10 56 33 53 37 13 53 54 16 57 36 10 56 36 42 42 19 20 21 24 45 12 53 20 22 28 24 52 35 12 13 55 16 57 33 14 10 55 37 11 10 58 28 48 50 43 50 38 47 18 15 47 17 26 47 52 58 34 26 39 40 55 14 21 33 20 47 46 27 22 30 50 40 35 14 17 43 16 52 16 27 44 29 36 17 21 33 13 33 25 56 24 13 11 41 34 13 42 12 35 32 54 58 26 17 39 55 49 48 33 54 20 23 40 50 21 53 37 41 46 14 51 43 57 13 49 14 16 50 48 45 33 19 13 34 44 31 39 40 28 16 33 11 38 32 15 26 46 19 46 22 25 38 33 49 22 25 20 14 44 23 43 59 31 46 
31 31 41 43 54 54 44 56 37 49 56 40 48 44 41 59 51 30 36 15 49 58 49 31 38 13 22 49 28 50 33 15 10 19 30 42 48 24 44 19 35 10 38 23 22 24 11 57 49 13 33 41 36 12 24 50 18 22 55 46 34 48 57 17 47 13 56 11 35 12 59 45 30 52 53 25 51 18 34 34 56 19 48 22 55 23 16 40 30 50 41 13 12 20 31 31 13 36 21 11 56 33 32 14 52 13 29 36 33 28 22 59 45 13 18 10 20 40 19 11 17 20 27 21 35 48 19 46 44 39 59 25 54 28 21 22 25 38 12 43 12 36 46 22 43 57 26 54 31 31 54 54 18 59 25 12 20 12 48 38 53 42 36 58 25 53 51 12 54 18 36 36 48 44 24 19 51 52 46 11 
31 27 32 24 14 38 39 18 56 35 50 59 42 31 53 12 25 29 39 17 21 46 11 32 54 26 19 50 59 46 13 22 18 31 36 45 30 33 59 37 44 48 22 48 39 20 19 14 38 57 28 19 44 25 21 10 48 47 50 32 43 49 43 49 20 32 53 27 46 46 13 24 55 56 37 43 41 22 31 10 12 37 29 19 53 50 30 51 57 39 18 18 57 14 24 22 40 43 34 32 34 37 35 44 45 29 32 59 17 39 20 20 50 14 36 20 16 45 11 55 48 43 42 37 53 28 18 55 49 40 57 26 39 21 44 35 36 44 46 36 28 10 56 56 23 25 41 20 47 18 25 58 10 15 58 38 50 21 23 19 58 21 52 18 39 25 31 38 58 48 28 38 11 19 21 56 37 10 22 21 
54 20 22 17 52 37 31 53 24 28 48 28 39 27 40 32 58 58 21 40 53 30 52 20 21 26 35 25 16 41 35 49 20 28 54 58 15 49 29 22 59 26 51 41 19 19 42 30 44 48 33 19 42 55 51 12 36 46 59 41 50 55 28 36 33 31 40 31 46 40 11 21 58 20 44 21 26 26 37 50 11 35 10 16 58 11 10 55 27 52 45 22 50 12 56 16 32 33 59 37 35 51 25 22 19 53 51 15 58 51 43 10 41 27 14 12 32 20 19 10 40 34 58 10 19 51 22 29 21 18 43 58 10 40 19 40 21 21 37 34 57 39 55 17 50 26 27 15 56 10 40 20 38 27 10 15 35 19 15 47 37 24 39 54 50 12 18 19 26 53 45 58 50 10 48 50 17 58 15 15 
41 49 43 46 10 42 52 16 48 55 25 51 34 38 30 25 10 11 57 57 41 57 49 47 48 52 43 43 23 18 13 50 55 42 44 53 38 18 31 32 35 49 11 27 33 43 23 28 55 21 35 12 42 18 12 15 11 28 34 37 55 32 12 33 59 44 12 17 26 34 12 56 22 44 36 27 31 35 45 16 58 33 22 58 13 26 20 17 29 47 26 47 23 23 14 40 18 29 39 39 50 31 57 44 18 20 11 35 19 49 54 29 13 23 37 58 44 45 12 48 52 43 40 36 36 48 51 16 10 23 16 31 57 49 23 22 57 27 57 50 21 50 10 58 56 47 32 53 48 16 37 58 51 21 26 52 44 41 58 41 15 59 31 49 40 25 16 56 59 38 23 34 39 32 11 13 55 38 43 57 
30 52 15 25 25 12 42 32 40 24 22 53 48 29 22 55 16 58 12 32 50 11 22 16 12 36 43 11 54 28 51 20 28 14 10 40 34 44 41 16 28 25 28 44 23 59 44 29 19 27 39 47 43 15 25 14 40 24 36 18 36 23 58 47 13 38 25 10 31 23 28 20 49 15 32 58 12 46 53 51 11 33 21 20 35 16 23 16 15 23 40 10 47 46 19 40 52 26 46 18 21 27 21 28 21 49 38 58 29 51 43 41 43 45 36 57 13 29 44 26 21 19 10 46 31 38 47 40 30 53 10 51 18 13 29 42 45 26 38 56 23 13 11 14 45 12 37 31 28 34 38 21 41 31 52 49 28 26 22 40 42 34 28 30 27 36 43 44 19 13 17 51 31 19 13 49 14 34 28 28 
23 44 25 23 32 30 33 56 38 54 16 10 40 56 25 19 31 30 40 26 16 23 19 30 44 39 57 13 21 56 16 51 34 50 53 26 57 35 57 24 41 20 27 28 45 16 41 30 43 54 42 26 25 17 26 38 40 24 35 59 33 58 15 41 41 17 16 49 32 59 46 53 34 28 34 33 25 33 41 50 19 46 51 28 55 53 52 53 23 15 37 27 41 22 13 55 46 50 43 37 36 28 40 20 30 12 52 32 31 58 47 28 37 45 33 30 48 18 42 24 31 17 12 10 54 54 10 59 49 17 39 31 34 56 10 25 20 56 13 27 45 10 21 27 32 22 22 16 12 51 43 28 49 30 56 38 56 21 55 38 48 40 48 57 59 35 22 51 44 40 47 46 46 16 16 33 53 22 38 49 
55 48 29 35 44 52 47 12 28 48 11 11 45 40 20 12 10 38 32 34 28 42 33 42 33 16 45 29 22 23 59 16 45 11 48 33 52 33 57 17 24 33 19 12 15 56 47 29 13 31 29 48 33 55 15 58 15 33 48 37 16 56 16 49 22 26 20 18 38 53 17 33 15 18 31 34 44 17 11 44 42 51 43 54 18 14 18 45 56 49 39 11 51 32 42 44 24 43 56 50 57 50 47 16 51 25 57 37 16 30 38 27 50 47 25 52 57 39 45 50 43 52 50 57 34 43 37 57 35 23 38 18 40 25 52 41 25 57 20 13 30 34 22 28 23 31 24 10 33 35 15 13 58 38 49 49 32 12 48 49 30 45 59 15 31 45 25 54 55 59 27 18 14 56 10 37 31 42 38 46 
31 14 34 29 16 31 15 23 45 17 57 53 46 27 27 29 47 21 13 41 28 40 48 16 10 43 45 50 59 23 28 20 51 18 16 20 15 10 22 24 42 22 33 51 56 59 32 48 39 37 53 57 57 11 15 36 20 48 26 54 33 13 34 49 30 11 18 21 51 54 47 18 22 17 49 59 16 52 26 24 29 52 12 17 49 34 25 38 11 28 29 21 22 43 14 27 31 38 40 27 38 49 26 18 16 30 56 32 12 42 11 48 44 59 41 49 39 32 13 45 40 11 43 17 46 59 44 57 39 32 41 56 51 50 37 17 24 44 25 25 28 12 47 47 29 56 46 15 26 15 32 37 34 18 10 19 47 42 20 48 23 50 56 20 23 17 33 45 49 28 52 21 23 25 16 29 57 30 17 37 
42 14 47 55 33 52 42 50 28 48 42 25 57 12 40 12 56 52 43 23 49 33 17 19 26 23 50 54 15 58 20 40 56 32 44 22 55 50 34 24 41 17 38 52 11 52 11 52 50 10 40 46 52 46 16 36 32 30 28 59 42 12 55 55 20 53 50 24 58 43 55 50 55 28 21 14 45 37 17 49 39 13 11 12 33 12 48 20 26 27 22 50 34 36 22 39 50 19 12 48 29 35 37 58 25 33 42 10 22 45 56 26 40 31 50 27 50 14 22 25 54 32 20 52 13 28 54 50 40 13 43 45 26 36 40 26 25 42 19 22 30 56 15 52 16 23 56 16 51 19 15 52 16 50 51 28 57 36 55 43 31 11 32 46 37 20 18 27 46 28 17 26 21 54 21 42 53 46 47 46 
33 31 55 49 21 26 29 54 40 22 11 21 36 42 59 40 52 29 58 37 55 41 47 32 56 45 49 18 43 18 36 15 22 14 59 25 52 20 54 59 38 32 56 54 40 59 29 21 43 55 20 56 19 34 30 28 19 34 47 30 39 52 20 52 10 21 35 26 42 38 32 32 48 29 52 59 55 32 19 42 59 25 50 35 37 52 14 42 37 20 25 44 15 47 31 27 59 43 48 25 16 28 52 31 13 45 31 38 36 40 30 34 39 54 51 30 36 36 13 10 19 43 55 40 43 42 46 28 11 57 45 20 47 40 27 16 19 35 53 36 15 37 10 38 25 53 14 50 35 37 54 13 54 56 26 20 25 37 17 46 19 54 48 51 16 44 50 37 48 54 24 58 45 24 38 46 52 11 16 34 
12 41 35 19 20 49 28 34 52 17 58 26 34 16 55 26 44 15 57 37 45 40 22 45 54 36 13 10 38 27 29 30 43 11 52 49 12 43 31 14 59 53 45 29 57 11 54 58 33 29 59 16 47 12 47 18 16 40 15 55 45 14 40 41 42 37 30 42 21 45 37 23 52 49 30 57 52 50 52 16 17 20 34 12 26 28 22 35 30 46 24 19 47 10 35 31 29 52 22 43 39 58 43 14 48 17 15 39 26 55 13 40 30 52 27 38 46 58 59 51 17 34 53 35 15 57 45 49 46 10 23 48 16 16 14 55 24 50 46 31 12 43 12 18 31 51 21 38 26 22 47 55 24 37 38 48 11 33 57 57 44 21 34 14 36 23 20 15 25 19 55 30 28 19 52 24 48 52 13 50 
23 32 37 57 43 41 52 24 48 57 29 26 28 58 57 28 53 54 34 57 48 29 32 45 35 33 34 17 28 57 55 32 22 57 54 42 42 46 19 40 57 52 33 46 17 19 37 45 34 23 46 57 21 32 46 39 18 48 56 57 58 54 12 57 42 40 58 41 11 41 49 17 20 16 41 42 20 55 22 30 30 15 36 21 57 12 32 24 21 21 58 33 37 52 24 13 55 38 31 57 16 40 31 36 21 17 40 11 12 58 39 22 38 20 11 20 17 25 48 26 53 52 42 47 18 27 36 18 10 17 19 57 19 29 41 50 47 36 54 12 39 14 27 51 49 41 54 44 33 54 31 58 49 36 47 19 15 31 43 49 33 59 34 28 56 31 12 16 12 36 21 29 24 19 33 25 35 12 36 56 
49 29 29 58 46 32 38 49 16 59 38 31 26 39 23 42 38 27 14 42 38 33 48 35 38 52 28 25 19 20 41 19 16 53 35 41 27 48 11 43 10 36 33 41 34 10 53 36 51 41 52 37 53 36 11 31 36 20 23 15 42 54 50 31 57 50 40 54 16 34 57 55 29 10 36 22 30 44 47 55 25 46 19 35 46 49 33 33 55 53 58 14 54 51 45 22 46 14 46 10 46 36 37 33 51 14 44 13 53 49 45 55 19 16 19 21 39 31 14 37 18 28 50 26 58 17 17 15 39 32 42 19 37 20 26 36 19 33 46 38 12 37 21 20 13 55 47 29 20 21 26 37 15 34 50 42 26 56 41 51 26 11 40 39 31 48 11 10 11 39 37 55 57 11 11 43 13 35 36 46 
36 30 28 52 29 24 19 48 18 57 12 20 46 23 30 37 46 27 11 27 40 36 52 30 56 10 57 14 22 40 59 27 55 39 28 30 35 57 12 42 19 50 48 16 11 56 40 19 41 15 48 34 49 19 53 55 37 23 17 28 19 32 55 33 33 10 24 48 15 19 26 24 40 22 47 40 43 38 14 58 39 37 44 19 34 44 37 47 45 56 25 52 55 21 58 17 47 15 47 36 22 45 10 38 27 46 15 29 22 59 48 54 22 19 17 36 17 13 47 44 58 20 27 50 57 55 40 37 42 22 22 58 19 13 36 34 33 22 49 37 54 23 43 38 26 34 49 45 38 17 56 25 14 29 24 30 50 16 20 19 40 45 33 56 25 43 38 37 57 29 42 39 38 44 17 50 59 54 16 13 
10 46 58 33 59 56 26 47 36 32 35 38 54 58 16 11 24 14 55 33 41 42 37 35 14 20 32 26 28 24 22 24 31 11 18 21 47 12 18 15 36 52 18 15 31 21 46 59 38 37 47 17 32 11 58 27 52 10 30 49 27 40 54 12 16 24 42 50 10 22 46 45 52 33 47 22 37 16 52 26 59 49 12 46 52 53 45 54 24 29 37 57 36 45 50 44 37 44 56 58 34 30 55 30 29 35 49 47 22 50 36 21 49 13 23 18 39 52 49 40 22 51 25 22 40 37 22 24 23 41 44 34 57 54 46 51 42 36 21 29 36 14 54 46 49 30 30 51 42 30 52 54 50 26 37 36 54 35 47 56 28 59 57 11 18 13 46 46 36 56 10 50 17 13 19 13 47 23 13 31 
34 21 32 33 22 13 24 59 59 12 21 19 12 54 26 19 28 55 35 35 34 41 13 39 30 52 52 30 18 17 59 20 34 14 58 18 25 21 51 33 57 42 22 10 25 38 40 47 49 11 42 19 57 13 27 43 29 34 57 43 17 50 48 32 43 58 33 55 43 14 55 54 35 50 40 38 17 37 42 25 34 51 49 26 51 33 24 58 27 27 55 43 40 32 48 10 44 26 10 49 49 29 25 15 40 39 13 46 48 15 29 12 34 59 10 33 35 21 29 20 28 38 28 40 45 23 25 29 12 43 13 42 49 56 35 48 18 18 32 30 21 52 19 49 17 13 31 45 58 46 18 12 23 49 31 42 38 24 20 50 37 31 28 50 46 29 51 42 19 43 56 32 18 44 32 25 42 38 12 35 
12 25 24 34 45 21 59 49 19 27 30 45 10 57 47 55 19 35 40 15 55 30 40 40 59 59 28 52 57 12 54 49 18 30 55 31 46 53 33 16 40 32 55 29 23 54 33 22 58 28 47 52 34 20 20 53 12 59 16 10 51 42 26 25 22 17 29 41 21 11 47 15 31 20 14 59 28 46 45 16 11 12 36 54 43 12 23 54 22 32 15 46 21 43 48 17 43 10 15 45 12 13 24 27 28 49 12 39 13 41 23 45 51 30 35 51 52 57 25 52 58 40 36 41 53 41 28 45 51 50 44 39 10 32 40 26 28 47 25 46 36 34 36 51 51 24 54 26 28 15 34 30 56 23 24 38 12 31 27 41 42 55 24 14 28 57 55 47 40 37 54 11 22 25 48 24 19 46 11 52 
12 23 26 14 43 25 10 30 52 47 16 21 35 48 28 52 31 20 11 48 13 54 27 16 28 43 38 26 46 45 18 43 58 28 47 44 12 24 27 16 26 49 17 13 27 38 32 26 37 31 40 48 20 41 29 54 14 41 38 23 27 56 31 14 35 32 33 13 11 28 43 13 20 22 37 48 11 24 28 24 19 33 36 18 50 50 32 50 29 48 37 38 28 56 17 57 38 45 31 23 51 34 48 38 47 32 31 15 11 53 39 28 28 11 36 41 23 53 44 45 10 36 32 57 24 30 28 30 20 59 44 43 16 49 10 43 47 50 14 30 21 44 54 57 26 20 20 31 59 24 23 42 42 48 15 54 55 54 38 53 26 26 29 40 46 22 41 21 56 39 45 10 13 28 21 23 31 21 15 14 
14 24 44 18 35 39 49 28 34 35 47 21 48 54 16 13 23 40 25 24 39 46 20 21 59 40 55 49 24 33 22 28 24 58 36 40 55 29 25 49 21 19 39 32 37 13 32 48 29 39 14 33 27 19 27 28 57 38 57 52 20 44 45 24 19 33 32 54 24 20 19 19 14 54 15 18 32 54 45 31 58 21 24 56 24 21 11 13 28 22 47 34 54 39 36 40 41 40 28 29 35 25 19 46 47 26 24 52 45 42 10 23 47 37 10 27 28 24 10 56 23 22 57 38 19 37 11 31 30 43 55 18 20 56 59 28 54 47 21 55 19 49 41 49 13 38 38 22 54 48 44 24 39 46 38 19 31 39 12 19 20 29 13 26 38 34 21 53 41 13 24 22 35 11 33 50 11 27 30 35 
30 25 23 29 53 43 34 22 46 44 48 43 52 25 22 48 25 46 46 10 27 17 43 58 44 46 55 47 45 33 19 23 51 21 11 39 12 26 58 26 43 25 35 35 39 20 31 15 54 32 57 57 42 37 18 32 53 40 52 14 50 46 12 54 48 22 13 15 45 57 38 53 21 13 12 50 59 13 38 48 57 23 48 15 42 22 22 34 27 33 57 23 28 58 20 24 15 28 11 47 27 48 29 31 54 52 55 10 42 57 29 38 13 40 32 58 31 49 17 51 57 35 23 39 58 24 53 35 52 13 24 10 13 21 26 30 14 58 13 15 41 26 23 22 44 18 50 28 48 42 40 57 29 40 10 36 56 33 19 36 21 54 27 32 29 33 49 50 54 46 56 10 43 44 35 34 32 31 53 58 
22 49 32 10 22 58 36 24 53 42 42 24 12 55 26 21 33 13 39 35 50 20 32 17 11 23 46 15 33 29 28 56 29 39 47 14 51 59 47 39 41 17 44 11 23 54 55 10 27 56 14 31 12 20 39 31 26 16 38 29 22 50 59 55 22 54 58 44 37 32 38 38 21 50 32 51 53 28 34 58 45 41 35 27 55 37 58 31 51 28 45 53 35 28 27 21 12 26 37 36 34 52 49 22 19 19 55 28 55 14 30 20 43 52 44 41 28 39 48 42 48 48 10 21 35 27 46 28 27 11 44 30 13 13 12 53 20 31 19 15 56 49 44 24 58 13 57 29 12 57 57 26 17 34 59 33 31 29 38 43 16 28 25 42 17 21 21 51 50 11 16 33 33 13 50 13 21 38 15 56 
31 34 42 20 39 19 36 26 18 40 43 25 29 14 27 27 25 50 55 38 36 14 15 31 59 40 52 51 47 44 15 19 14 45 52 49 40 22 50 58 22 52 24 35 52 45 23 27 30 14 19 56 17 44 20 27 54 40 54 39 21 22 29 51 35 14 26 42 56 29 38 58 13 28 41 58 10 12 51 12 24 48 50 42 27 38 30 10 58 36 35 43 58 26 11 17 58 58 50 17 26 26 34 30 30 36 45 40 28 18 16 50 53 50 26 19 31 12 23 55 52 57 49 38 24 19 44 38 40 33 27 23 33 10 55 27 12 58 17 35 53 30 49 25 30 38 47 42 31 17 44 53 10 53 26 11 59 37 17 22 56 50 15 52 12 45 52 36 51 53 39 18 48 45 40 27 13 22 26 16 
31 13 12 48 45 12 39 28 33 14 50 55 30 50 18 55 30 44 16 23 52 37 12 53 35 27 17 52 40 33 37 22 14 52 35 42 34 51 39 14 40 12 47 58 30 41 49 26 11 56 54 41 55 24 45 37 13 40 57 13 37 19 36 53 35 20 38 58 40 56 45 46 26 27 46 55 27 48 47 46 39 20 20 54 23 28 55 38 32 14 41 16 25 49 31 19 22 49 57 23 12 49 49 51 15 48 41 56 16 29 16 42 17 30 17 22 39 30 29 13 27 52 34 46 53 35 28 57 43 36 39 51 33 53 37 33 55 29 15 47 45 46 13 58 36 58 57 42 18 59 44 29 23 17 24 19 34 13 32 11 35 28 14 51 41 36 17 44 24 27 34 47 15 55 18 34 10 47 30 12 
29 29 12 47 43 24 18 38 45 37 59 16 39 15 17 41 10 48 11 29 50 51 53 30 35 10 42 51 25 14 42 52 32 45 21 23 38 41 11 27 44 34 17 54 13 41 37 26 36 39 15 31 37 23 37 50 45 17 24 44 49 58 14 37 27 18 49 16 18 12 10 59 47 27 44 14 40 24 16 35 50 27 11 56 17 52 43 38 45 21 15 14 50 48 37 41 15 44 43 12 10 34 20 11 14 11 11 21 57 36 16 31 29 35 54 54 51 20 14 10 42 34 45 19 33 50 51 52 20 47 51 59 13 48 47 27 53 55 36 24 48 55 48 18 27 37 10 10 46 32 34 28 12 40 41 12 38 39 26 38 26 28 20 19 28 49 12 37 34 50 12 45 48 17 15 25 20 16 12 49 
43 26 54 38 14 58 10 50 47 58 12 35 25 36 12 21 45 51 24 50 14 36 48 45 55 42 17 43 58 42 32 52 54 47 16 13 25 16 38 18 56 47 46 41 29 43 28 41 39 14 22 52 28 27 20 52 11 13 13 29 34 50 57 36 24 34 53 53 37 41 45 57 13 32 30 25 44 36 41 36 39 43 24 15 39 11 36 44 41 24 52 20 10 44 35 43 45 20 45 10 14 58 58 59 59 28 12 51 52 22 49 38 47 39 37 26 54 53 14 55 58 39 16 14 15 51 27 52 39 40 38 15 11 51 46 29 44 52 33 58 14 43 33 20 30 16 40 22 48 14 20 39 27 59 24 57 45 45 30 35 54 59 24 22 11 42 13 49 44 50 41 12 31 54 35 18 17 34 16 39 
58 36 25 43 43 11 47 45 34 35 55 48 17 55 42 17 14 27 58 16 47 37 11 10 12 14 45 12 13 40 57 28 26 33 13 46 25 37 34 45 29 59 16 11 55 20 27 32 49 29 49 32 50 51 32 53 17 42 46 31 24 23 24 23 24 49 16 15 14 10 11 15 38 44 44 23 26 19 34 28 45 55 52 16 20 13 52 32 50 31 29 58 45 32 25 36 20 27 48 12 43 46 28 51 28 29 48 22 10 17 23 38 11 28 30 20 12 10 40 22 24 24 16 55 58 56 54 48 25 41 59 25 12 46 30 36 49 51 48 17 19 14 44 24 34 22 49 14 57 28 11 43 33 11 51 51 47 18 37 30 42 38 52 54 32 35 33 56 10 39 19 29 17 43 57 45 35 11 55 30 
58 58 56 30 35 29 40 36 23 26 53 11 28 50 58 17 25 24 16 29 21 27 44 45 44 32 39 35 40 36 50 20 49 10 44 17 57 28 22 24 58 47 54 19 23 56 26 55 42 29 27 42 50 27 35 37 18 29 25 52 13 27 44 27 16 40 30 36 49 49 40 26 39 31 54 28 39 20 27 16 39 54 47 10 37 10 11 39 37 35 49 28 52 40 59 13 33 40 27 22 12 18 25 35 30 57 33 23 11 32 18 43 20 39 20 34 28 55 42 40 48 58 50 43 44 12 56 59 10 35 46 39 33 46 50 25 45 37 46 21 11 15 19 19 39 17 45 34 13 11 55 39 28 20 45 50 41 20 13 21 49 57 38 11 32 49 38 10 36 35 54 12 25 45 54 38 15 34 28 37 
33 16 52 58 32 34 59 24 36 59 23 50 18 14 57 17 26 22 39 18 47 46 55 57 43 31 51 28 11 32 52 30 47 33 39 26 43 36 17 15 13 28 55 21 35 31 32 56 50 34 15 26 20 37 44 47 57 11 59 38 26 46 51 26 13 50 20 22 45 39 57 15 54 30 21 35 16 55 52 12 41 30 38 11 25 56 18 36 31 59 28 45 43 14 56 41 26 35 54 20 53 42 46 43 10 38 13 20 34 18 14 43 44 45 57 57 46 46 58 18 21 52 40 59 54 43 47 35 27 12 21 19 57 54 10 35 29 17 48 53 38 12 36 25 13 37 15 28 30 27 12 34 20 54 23 58 28 45 19 14 19 44 51 10 28 28 35 52 59 16 27 45 43 31 24 10 44 25 44 57 
52 39 50 32 55 58 56 22 58 34 12 45 47 31 23 28 36 17 15 46 50 12 54 32 20 22 11 51 54 41 56 41 37 45 27 39 56 44 53 33 13 31 52 37 38 20 14 49 36 25 32 43 28 30 23 36 14 50 55 33 32 53 10 53 50 52 56 54 27 50 49 43 52 40 55 26 59 27 20 10 53 41 30 36 24 14 12 33 56 25 45 19 51 34 34 16 46 37 47 40 39 49 54 48 53 23 44 31 32 21 38 40 47 19 11 40 23 16 42 34 57 40 32 15 41 11 16 35 30 42 12 44 30 47 18 25 56 55 25 21 15 23 54 46 27 28 48 13 21 48 49 33 47 25 54 32 22 14 46 48 35 31 23 16 20 39 59 36 13 26 34 38 44 16 55 26 35 15 44 33 
44 43 16 15 41 11 43 30 58 45 33 39 59 53 40 49 37 26 50 42 53 12 36 41 35 13 41 27 35 29 27 44 32 30 21 21 56 55 27 55 14 53 29 53 13 26 51 27 57 52 24 25 14 14 44 58 57 48 11 31 25 56 31 12 33 25 44 36 47 33 59 57 30 29 13 42 34 28 19 39 54 41 40 32 33 44 45 50 56 19 52 43 54 15 14 41 13 26 39 30 55 40 50 55 56 56 43 55 15 51 48 51 16 58 56 23 45 45 48 40 51 51 44 47 51 28 22 57 26 34 18 19 16 53 15 23 56 30 17 51 34 23 11 47 18 31 22 35 52 51 29 55 37 14 33 21 21 34 23 51 45 21 45 32 31 12 37 37 11 31 47 24 11 33 31 25 18 24 34 59 
52 27 56 22 53 12 57 21 52 33 50 31 59 20 50 44 53 55 35 36 48 22 44 36 17 26 40 10 52 40 45 30 28 12 10 44 59 29 40 16 31 29 10 47 29 28 42 23 34 24 55 39 26 48 22 18 53 57 39 31 49 24 45 25 51 27 34 18 35 36 47 49 27 47 53 14 11 17 51 34 31 27 10 33 29 52 55 27 31 12 21 55 12 29 49 29 46 49 32 30 27 19 56 48 36 51 52 14 38 58 17 14 31 14 48 16 34 55 52 21 29 33 13 38 53 55 52 10 21 41 37 58 21 58 33 11 36 37 51 45 15 13 54 48 36 22 20 10 31 49 49 47 54 16 28 40 45 37 41 59 58 46 40 34 19 28 27 43 53 24 19 42 25 30 17 20 56 20 17 30 
59 44 49 33 14 11 23 42 39 55 24 41 12 51 30 26 34 59 27 12 48 24 24 10 52 12 41 17 25 28 17 18 54 42 43 54 56 43 30 42 35 50 22 58 33 54 52 25 42 55 30 19 58 58 58 12 15 36 31 49 14 42 45 41 11 11 27 54 19 40 41 49 29 10 15 26 41 48 18 51 51 32 18 22 50 49 38 31 59 47 23 33 24 25 47 49 59 25 45 29 43 30 11 48 58 11 14 11 14 15 40 13 31 12 56 31 43 14 10 35 15 55 59 39 28 57 23 44 44 23 32 30 47 39 21 22 15 24 35 34 47 37 19 45 53 40 43 12 40 32 21 57 23 48 14 43 32 52 29 22 28 17 32 17 14 15 52 42 29 36 37 35 12 16 53 36 50 45 33 53 
17 15 47 42 11 19 45 52 46 33 29 10 52 31 17 39 41 55 25 15 53 30 31 45 42 57 47 42 26 36 15 45 35 43 40 50 41 51 54 32 19 23 28 30 59 30 27 13 57 47 51 45 11 30 35 28 15 13 47 45 44 42 55 21 55 15 38 25 20 22 51 57 37 45 51 21 27 35 19 28 38 29 47 11 20 56 12 31 13 44 30 37 13 25 52 15 20 10 29 27 15 14 44 13 31 38 39 22 21 30 26 53 55 53 56 52 10 46 51 49 34 38 58 52 43 52 56 22 51 11 36 23 42 41 32 22 48 35 15 16 52 47 35 57 18 14 43 17 16 36 26 48 21 43 44 25 16 28 49 36 49 38 11 46 57 33 15 21 39 50 53 44 54 53 21 51 38 49 38 26 
28 53 56 59 56 15 32 58 10 46 38 32 20 54 45 11 14 43 15 57 53 31 14 23 13 55 49 32 57 33 56 47 10 26 35 25 57 24 36 43 48 45 58 30 49 19 31 47 38 54 58 46 45 25 44 30 22 18 32 44 31 56 18 32 18 50 23 15 49 26 48 53 45 33 47 55 50 18 53 41 56 56 24 43 52 56 32 52 41 40 59 50 31 46 42 15 47 20 45 52 38 46 51 51 33 20 15 19 18 47 27 42 43 37 51 25 26 11 37 40 15 43 29 22 57 15 43 28 30 27 58 52 58 23 49 47 34 21 50 13 51 10 58 31 29 28 59 33 28 46 20 34 18 33 53 34 11 13 47 21 50 12 29 22 15 19 58 31 59 56 14 11 29 34 10 51 20 21 33 32 
43 48 42 46 46 57 12 25 39 48 16 54 18 34 22 28 10 41 13 12 55 34 14 35 59 38 40 52 31 41 19 31 45 12 25 58 30 38 35 23 23 12 35 43 15 57 54 16 17 21 29 21 28 29 34 39 31 24 39 45 31 38 33 14 38 33 24 28 58 13 34 28 52 26 17 23 38 39 58 58 17 15 35 23 23 28 26 46 38 22 43 21 52 30 32 38 49 54 13 12 15 39 52 12 42 46 12 24 19 42 10 46 59 10 12 51 12 47 18 53 53 54 48 32 57 25 46 34 38 36 33 54 24 57 30 29 25 30 35 56 50 48 21 58 22 44 50 43 50 48 27 53 28 57 47 34 25 41 27 36 21 29 51 22 16 19 23 40 48 14 54 12 21 43 35 39 43 39 11 41 
45 24 46 57 49 20 22 45 46 44 57 55 55 13 32 27 47 35 44 44 39 14 40 25 23 13 51 31 57 51 11 14 37 49 33 40 52 32 49 11 27 49 18 31 32 56 27 38 36 20 10 31 27 21 34 48 10 46 42 32 54 21 10 30 37 35 16 46 57 43 24 37 15 36 24 35 39 20 19 21 13 14 54 38 33 24 15 38 30 54 51 56 40 52 15 48 35 56 14 53 11 40 37 32 29 21 21 41 35 42 33 29 32 59 51 29 20 41 47 57 59 55 43 58 18 39 50 22 16 34 16 51 45 29 23 13 54 46 45 10 28 24 59 18 42 42 50 22 54 58 25 33 56 15 15 27 28 16 30 14 39 31 22 38 42 41 15 25 51 30 40 33 27 35 36 15 24 44 30 42 
29 37 39 36 25 58 30 34 50 15 58 23 32 17 52 22 18 36 17 23 26 30 45 38 50 24 55 52 39 11 57 34 57 31 51 13 45 32 51 46 20 33 22 26 44 34 13 35 16 32 34 10 13 18 37 14 45 47 59 12 42 33 10 29 14 18 31 41 55 43 49 53 57 22 20 29 13 38 28 19 13 38 15 51 18 20 43 37 26 58 28 42 49 27 18 36 57 40 12 36 56 48 11 55 56 25 31 35 45 39 30 12 38 55 14 33 32 13 10 21 18 10 55 18 29 53 56 36 47 59 48 31 30 11 26 19 38 46 10 17 58 20 17 54 55 37 56 52 44 40 37 21 19 21 46 36 51 17 14 47 35 26 43 57 10 24 15 32 20 11 45 14 37 48 23 56 55 13 23 55 
29 38 23 56 19 47 32 52 44 12 12 41 15 59 41 51 25 37 44 40 38 56 16 31 49 21 42 26 10 28 44 44 43 21 24 41 38 28 42 48 20 48 44 35 33 40 23 12 45 54 30 26 41 21 31 52 22 55 29 14 48 36 55 47 28 33 27 31 19 33 35 45 11 13 25 37 16 13 21 27 52 39 23 17 46 11 15 24 42 50 50 12 31 15 18 45 37 10 30 28 39 29 50 47 19 36 52 57 58 57 47 11 14 34 44 46 48 11 12 41 54 59 50 28 45 42 52 21 10 59 41 52 33 58 17 28 23 18 29 27 18 16 28 51 21 40 40 29 52 27 53 48 28 25 38 56 13 24 31 11 26 40 35 24 25 22 27 47 56 18 53 43 36 39 59 25 41 16 45 52 
14 25 37 11 43 28 26 27 10 53 35 25 58 21 27 10 27 42 19 19 39 13 14 58 55 37 13 21 32 31 11 26 42 43 18 39 27 44 35 57 46 14 27 28 44 40 52 28 49 16 28 45 33 59 56 43 11 50 22 27 19 33 46 44 14 11 14 27 10 17 14 16 57 59 29 31 19 27 16 20 18 51 45 15 44 21 54 12 31 27 12 31 34 35 16 16 55 33 18 58 44 44 20 59 14 45 18 50 59 49 50 32 16 48 38 11 51 17 47 58 47 18 51 30 14 55 11 50 27 35 33 21 31 25 12 15 41 31 37 21 44 54 35 10 24 58 39 32 41 17 39 47 21 33 21 58 21 24 24 57 32 20 59 33 19 18 56 42 47 41 59 36 23 36 33 59 33 44 42 26 
58 11 11 35 30 54 35 24 14 56 35 14 31 43 47 35 49 16 41 45 17 36 23 30 50 11 35 11 15 59 12 38 10 40 45 33 21 17 29 55 39 30 21 41 18 40 18 42 29 28 12 56 22 53 25 42 27 55 17 58 11 36 57 21 50 32 59 51 18 59 13 18 33 30 15 38 12 28 41 58 14 29 13 22 37 51 30 32 14 53 15 45 20 37 17 51 54 10 11 41 53 15 35 36 34 59 38 37 12 58 24 57 41 18 42 14 19 25 38 10 49 15 54 33 18 23 56 18 26 56 57 59 47 44 55 29 11 52 33 18 10 42 16 18 43 43 18 42 55 27 15 31 29 48 49 13 22 25 27 19 55 41 23 36 14 52 34 15 52 59 23 30 22 30 30 32 10 31 12 32 
15 55 43 52 59 45 11 41 29 38 44 17 39 12 48 19 25 41 35 20 16 41 25 35 25 10 13 17 20 41 41 22 24 51 20 49 54 36 16 35 12 20 13 15 23 53 30 12 29 59 37 51 46 28 24 57 14 16 44 41 33 20 22 14 41 13 35 47 16 52 44 29 28 10 36 37 45 42 36 43 42 19 59 37 46 31 16 45 15 46 37 22 43 26 43 40 54 16 49 16 13 47 22 42 42 49 16 26 49 39 29 33 50 32 51 28 23 33 10 51 15 49 53 18 50 13 40 44 34 51 36 25 25 40 30 18 10 28 34 52 56 18 54 32 16 46 40 54 31 27 41 16 50 15 36 55 32 30 40 22 57 26 47 59 53 14 28 11 25 32 28 37 54 28 37 20 11 53 52 53 
46 23 49 24 12 42 49 45 46 29 21 25 34 21 22 54 36 26 36 49 31 58 50 34 43 54 46 14 46 55 28 55 33 22 21 15 12 47 29 32 26 35 24 30 54 19 26 39 38 36 29 54 38 44 17 26 45 48 18 43 27 47 17 37 40 42 38 11 57 59 57 42 53 38 38 15 41 36 46 37 42 46 50 19 13 53 39 37 33 20 43 35 14 56 30 28 47 14 44 54 46 54 30 49 36 31 42 55 22 25 41 42 58 45 27 10 21 32 53 51 11 42 13 10 47 50 47 40 36 41 23 58 17 24 10 55 50 29 59 22 10 34 19 43 39 27 59 19 41 20 19 43 17 11 37 46 35 52 46 52 57 15 38 23 15 40 24 27 46 34 25 55 47 33 14 20 23 15 11 34 
31 28 34 35 30 30 12 52 55 22 43 59 28 48 33 59 23 38 30 49 15 23 21 37 11 46 34 50 19 48 22 23 18 31 51 45 47 52 11 46 13 51 37 37 31 19 48 29 48 17 48 42 18 47 12 40 30 54 16 25 21 32 28 31 42 14 15 13 16 26 33 15 21 13 33 14 26 27 49 46 28 42 48 40 29 36 57 26 22 55 44 33 25 54 47 31 16 41 14 37 39 20 13 16 35 33 57 12 29 14 15 40 43 21 10 26 38 26 25 16 31 36 38 52 15 54 19 52 48 32 34 15 25 47 48 52 54 22 51 40 52 44 39 31 51 31 35 40 22 43 25 18 38 13 38 55 56 18 20 53 25 51 35 57 24 55 33 10 31 13 24 14 51 47 48 19 19 22 25 43 
21 47 50 21 27 27 22 27 50 25 34 28 12 56 35 56 53 32 10 56 51 18 12 26 44 30 27 39 34 18 27 44 31 44 32 47 17 56 17 52 11 10 31 52 59 18 10 21 50 23 30 46 19 51 55 30 36 39 57 17 15 41 34 39 11 11 10 18 57 39 36 46 47 41 18 12 22 46 50 26 37 56 29 52 54 49 36 50 59 47 22 54 42 47 53 18 48 26 10 36 33 14 20 25 49 57 47 30 53 25 36 16 35 34 11 43 59 22 33 32 22 45 21 58 45 15 33 26 37 18 42 27 33 13 48 14 10 15 34 16 39 20 21 30 11 39 50 38 43 56 30 26 25 50 47 52 13 11 58 42 22 28 47 41 31 28 53 31 34 59 44 19 18 41 33 36 16 50 51 11 
57 28 42 19 38 23 24 32 49 56 50 20 56 26 25 22 32 33 57 33 27 38 38 51 48 16 29 26 53 16 26 20 47 41 58 35 38 51 13 45 11 11 35 43 10 54 58 37 24 16 14 17 38 51 30 19 41 37 24 24 50 54 28 38 12 11 37 52 12 45 25 30 42 20 23 34 12 16 56 15 52 37 17 44 20 44 58 18 12 54 21 12 41 48 50 55 37 27 24 19 19 37 47 17 30 23 47 38 31 41 14 57 46 32 18 13 47 21 20 39 36 48 10 59 20 14 40 33 21 16 25 49 19 12 36 38 18 21 22 12 37 55 27 47 14 39 12 13 48 25 19 41 23 52 33 20 49 34 25 36 34 25 45 17 12 29 17 12 39 13 56 24 14 16 21 34 54 34 28 19 
55 19 19 33 49 42 48 45 32 42 42 11 27 10 39 21 36 20 50 23 50 41 31 24 47 11 49 24 14 32 39 21 57 44 21 15 54 39 21 50 52 31 46 36 58 45 26 57 37 46 59 28 40 48 47 15 54 17 42 35 31 46 27 46 22 26 42 42 53 26 23 51 19 15 15 34 26 40 15 59 40 19 17 19 43 48 21 50 49 20 31 12 20 11 24 55 32 52 15 37 56 21 37 11 30 13 26 42 28 15 42 43 42 26 54 51 17 11 58 30 57 53 27 58 34 23 47 51 24 12 43 30 56 19 32 50 43 34 44 51 14 51 21 26 11 32 18 25 35 57 27 21 42 43 59 22 30 34 10 44 51 47 28 49 19 42 51 14 13 37 19 49 18 38 59 45 53 31 56 46 
38 17 55 34 50 20 37 10 50 16 43 33 52 59 44 27 49 57 54 59 43 41 47 35 40 49 29 47 35 18 47 34 48 49 27 10 15 38 14 48 18 35 25 50 34 41 42 26 12 50 32 52 39 57 49 43 53 13 13 38 27 18 15 48 53 26 56 28 25 13 23 58 43 35 25 15 16 15 56 15 11 16 28 25 40 29 50 24 57 15 47 44 52 33 33 29 41 29 14 18 52 18 10 58 40 39 14 56 42 27 21 17 44 11 24 48 51 37 37 46 14 45 38 39 53 48 58 48 54 55 14 36 45 42 51 59 59 10 29 37 46 15 10 17 55 19 35 16 40 12 13 57 26 19 39 28 13 49 16 20 58 42 27 12 33 17 11 36 31 26 11 56 36 35 32 31 11 25 23 40 
51 17 26 53 41 59 39 50 52 55 10 32 17 46 37 44 44 47 30 54 25 13 44 45 43 43 34 39 34 55 16 11 29 35 56 18 13 34 10 38 25 14 29 30 35 42 26 20 35 58 13 13 12 47 19 44 22 54 30 28 49 33 49 19 51 25 11 19 29 17 22 44 34 56 28 22 10 27 16 40 30 58 36 53 53 13 45 28 31 47 27 54 42 39 54 38 31 38 40 20 45 50 22 28 58 16 18 40 48 47 18 14 32 59 17 15 37 33 36 52 55 44 27 58 35 41 29 21 26 44 59 51 36 29 19 55 41 15 20 17 43 26 55 55 34 12 42 29 41 46 59 58 10 48 34 48 15 30 51 12 59 23 36 46 10 39 33 59 43 52 24 24 15 12 34 52 51 55 10 46 
47 14 31 41 41 46 23 48 37 26 19 15 10 21 42 44 31 18 13 17 56 12 25 25 16 37 44 46 12 19 40 53 23 28 51 31 54 14 28 52 30 41 49 28 11 13 11 42 58 18 11 36 28 37 55 38 46 36 55 17 17 56 37 31 19 33 20 37 38 51 32 45 19 54 34 40 57 36 12 24 45 37 18 54 52 52 41 10 28 33 37 42 50 20 23 37 21 17 46 52 16 13 32 35 11 56 15 43 29 23 44 47 53 13 19 48 22 18 16 10 50 32 39 55 12 16 30 49 21 56 43 23 55 12 57 51 41 44 21 48 32 14 25 35 24 27 54 16 42 30 49 26 21 30 29 29 12 58 57 18 48 28 56 29 30 34 49 45 30 43 10 23 43 17 12 42 23 23 41 57 
56 42 34 31 31 36 49 14 21 43 36 32 11 38 41 28 10 59 17 15 59 29 37 39 21 40 19 25 32 36 21 23 34 46 42 58 35 53 31 41 42 36 12 50 59 50 58 58 56 51 35 41 53 19 20 28 31 28 10 31 16 36 53 35 26 18 35 40 40 25 27 35 36 16 38 43 42 39 32 12 25 11 25 21 29 24 28 53 30 21 42 42 48 32 31 50 27 21 48 11 10 45 49 47 16 37 31 45 51 54 19 13 41 34 28 39 51 13 29 48 14 17 32 37 46 40 56 56 50 29 21 17 30 26 22 39 55 48 39 24 56 38 39 12 30 41 13 26 56 39 51 57 32 52 28 16 23 15 29 17 19 56 59 47 37 36 56 42 46 32 18 58 17 15 22 38 14 13 23 49 
40 30 51 49 58 41 45 35 49 40 48 35 18 49 44 19 57 39 17 16 39 48 31 29 46 42 14 24 17 43 59 51 50 40 55 36 26 30 20 53 27 35 24 28 56 50 10 29 10 57 25 34 28 48 52 28 46 17 46 31 40 46 51 12 45 15 51 59 30 14 16 44 31 20 53 14 43 57 36 20 27 40 54 17 58 40 30 18 48 56 16 47 38 41 14 18 21 17 53 31 33 16 52 21 54 51 11 12 30 14 49 53 25 49 50 38 43 32 23 18 24 26 37 37 20 30 52 42 41 18 23 53 45 25 37 18 23 58 48 54 12 48 35 51 52 53 11 38 44 22 43 41 50 45 39 19 56 56 29 41 36 48 55 28 52 52 22 42 22 50 54 10 38 32 20 45 36 34 26 56 
13 12 56 51 39 46 41 36 46 14 55 12 11 59 21 50 20 47 58 30 31 38 36 24 41 51 59 40 52 11 31 15 45 31 54 30 37 47 35 58 52 22 29 14 19 58 36 47 56 24 22 27 24 59 54 14 25 31 37 42 51 23 24 27 49 16 34 55 27 40 26 32 47 15 52 47 45 38 27 44 26 56 54 16 35 20 26 36 21 39 35 46 52 23 44 58 25 12 42 40 48 38 45 52 20 44 43 50 52 39 20 31 48 24 58 20 30 56 35 57 44 36 58 38 40 35 16 56 55 32 28 44 28 38 11 41 47 35 27 58 42 54 37 49 36 40 10 10 46 46 10 42 26 48 24 56 39 31 49 42 12 26 14 33 26 45 20 43 24 18 28 21 26 12 55 36 13 18 35 31 
40 40 13 52 50 44 17 19 32 57 57 10 25 21 25 13 38 57 38 31 12 17 30 37 11 14 30 36 32 19 42 37 52 59 37 13 58 36 50 16 59 33 35 47 58 15 30 21 17 14 55 23 45 43 46 47 45 39 35 20 15 55 25 34 32 41 25 32 57 31 45 54 16 59 55 55 52 37 50 27 54 10 57 13 52 17 55 41 25 53 50 21 50 53 25 48 24 17 41 38 54 51 23 25 22 40 12 46 31 20 26 53 23 18 58 17 36 35 44 32 23 41 32 30 52 36 52 44 19 35 59 34 38 18 52 31 46 12 51 43 20 36 47 55 35 23 44 26 24 14 18 34 18 43 28 55 38 12 24 13 16 56 16 55 35 43 19 23 51 45 36 45 23 41 45 57 58 25 31 26 
21 39 23 58 43 58 20 43 10 27 13 18 46 58 24 46 23 37 49 52 42 46 47 55 16 40 51 14 48 48 32 29 33 25 29 23 43 59 12 13 54 33 11 58 13 54 45 46 57 27 53 30 37 34 33 20 51 53 12 24 42 13 45 15 49 46 23 20 50 17 52 55 56 18 54 37 42 21 31 40 57 42 26 14 39 19 28 35 23 54 21 58 17 27 39 40 36 20 23 51 16 43 43 35 19 42 53 53 40 44 25 21 14 51 12 34 35 51 31 58 53 18 10 53 57 29 18 51 45 58 45 19 59 41 37 20 50 45 51 45 24 22 22 14 48 26 31 55 40 27 44 35 27 30 58 14 32 55 38 22 36 33 36 36 24 19 28 11 15 12 29 54 57 32 45 12 40 57 21 32 
21 12 32 45 49 54 57 34 48 59 39 42 58 48 26 45 53 20 15 38 40 49 33 43 48 12 38 28 17 33 41 41 18 21 32 50 14 26 41 22 45 49 42 27 44 30 29 53 23 56 22 23 43 29 11 38 14 55 11 58 57 43 31 17 40 19 39 58 33 43 32 44 24 39 49 30 19 26 21 23 37 17 36 46 14 40 11 22 56 10 55 49 52 24 45 54 17 22 44 56 28 27 44 27 23 56 23 31 22 21 17 34 41 30 53 33 18 57 42 47 49 51 21 46 33 34 37 19 12 24 37 47 32 48 53 28 12 18 12 23 37 56 24 48 38 39 36 53 54 15 52 57 36 11 54 33 10 36 17 30 54 29 25 54 14 55 23 12 50 18 46 24 40 23 44 47 28 43 43 24 
27 52 59 23 46 20 47 50 26 39 11 43 26 45 12 33 52 27 53 45 54 24 45 41 53 13 48 24 55 49 10 35 36 15 56 43 16 11 51 18 17 54 42 52 20 43 38 54 27 33 31 45 28 40 38 53 22 27 11 43 11 34 45 35 23 24 20 50 30 38 55 21 41 18 21 57 49 27 35 40 32 49 54 53 11 30 44 51 42 55 52 55 14 26 43 20 32 48 36 36 19 58 22 12 19 20 45 35 31 20 42 19 32 50 55 11 29 52 19 52 55 11 51 38 41 40 58 54 33 52 34 40 22 22 38 23 31 48 16 34 25 56 34 39 48 52 49 52 17 12 10 58 11 33 13 33 20 34 37 28 11 46 39 41 13 28 29 35 36 46 15 19 34 43 15 48 51 26 37 56 
46 20 28 42 34 50 58 58 47 19 15 55 58 51 33 24 39 43 36 24 45 32 46 39 24 27 22 32 11 15 23 17 24 19 28 41 58 53 59 26 53 37 31 59 41 31 28 49 16 30 51 53 11 31 34 52 50 33 37 20 20 24 50 22 46 16 51 11 18 37 10 25 39 53 48 38 22 31 53 41 47 42 19 37 33 19 43 17 47 55 23 47 18 14 34 42 13 34 38 47 14 46 39 19 25 56 36 35 42 32 55 32 43 26 53 19 15 26 52 38 34 15 10 32 37 16 27 39 18 25 42 10 26 42 49 48 57 22 24 18 26 16 57 28 13 42 58 55 48 13 45 35 27 37 51 21 56 45 34 28 36 39 17 25 52 26 56 53 30 41 57 35 35 45 37 26 11 42 19 14 
44 44 14 16 22 28 38 37 18 45 38 13 30 16 57 35 47 28 55 57 23 10 18 14 48 53 13 56 53 14 55 43 43 40 23 19 29 22 32 45 56 29 52 22 23 30 55 19 36 58 37 11 45 31 18 40 43 48 38 23 37 33 27 36 23 27 36 58 33 43 52 32 41 42 15 16 26 52 24 24 33 16 24 50 44 26 38 36 48 30 20 23 37 37 19 26 29 12 57 43 52 20 34 47 36 32 17 54 34 27 28 56 23 21 16 13 30 16 43 14 48 17 39 10 45 47 22 34 59 59 32 52 22 26 40 52 57 37 27 23 30 55 25 39 57 46 46 26 11 12 54 28 14 40 37 38 41 18 41 30 20 38 14 20 33 18 43 37 12 28 36 29 57 44 28 32 12 20 56 47 
35 59 30 50 36 40 17 55 12 39 49 55 40 30 41 43 32 51 18 52 34 24 11 53 45 20 19 10 10 43 27 25 54 11 22 53 19 41 56 16 45 53 23 15 41 44 25 38 44 44 41 41 43 11 17 16 12 49 37 56 50 55 27 16 45 50 28 56 51 27 24 53 22 35 24 26 37 51 55 24 43 16 11 52 10 26 44 58 59 28 19 21 55 32 19 20 41 30 15 36 19 27 29 13 38 38 52 24 25 30 10 53 47 31 26 45 37 10 51 32 52 29 57 36 29 29 33 22 35 27 11 45 50 28 59 57 19 46 11 46 57 18 40 21 23 55 27 24 50 10 23 59 42 13 20 50 28 50 48 53 31 54 45 49 56 35 49 17 18 41 29 12 14 39 53 24 47 30 49 27 
50 56 35 40 16 53 33 18 42 17 39 57 23 37 11 22 48 48 49 22 56 33 53 26 45 25 19 37 35 53 38 29 39 46 39 41 50 23 24 10 41 12 35 25 24 59 41 55 59 11 20 34 43 56 44 41 16 19 33 54 37 26 31 55 38 42 50 29 28 41 30 27 31 26 44 41 17 54 38 27 26 57 23 43 47 19 45 28 31 28 46 36 34 10 49 10 40 28 55 35 25 36 18 34 29 23 30 36 12 28 26 41 45 29 39 32 35 27 52 19 50 40 48 30 58 51 46 18 58 38 34 10 49 20 14 53 41 14 14 12 21 36 59 20 28 57 38 45 21 56 59 51 37 10 30 37 18 56 31 27 44 33 34 13 49 23 50 18 58 45 31 23 36 15 45 13 24 49 19 26 
29 54 52 35 53 52 41 59 43 47 43 21 21 57 16 50 31 44 22 44 18 49 51 17 34 45 27 21 13 44 58 17 19 37 26 23 26 45 18 47 33 14 45 51 20 38 11 25 43 13 56 58 22 57 16 48 30 56 38 30 46 32 19 18 25 12 11 53 27 55 27 13 25 34 26 21 43 17 35 14 16 59 42 42 17 25 28 44 53 59 54 53 11 25 29 59 51 58 58 40 55 12 13 57 22 12 19 46 19 30 24 36 21 55 33 40 45 22 17 40 28 36 20 46 55 57 16 38 41 14 42 47 44 10 19 59 33 18 29 14 46 56 22 53 39 10 42 23 46 29 56 21 24 38 37 25 19 30 55 16 44 39 25 53 23 59 59 26 27 52 25 16 23 25 39 18 39 35 21 26 
34 52 49 32 13 53 55 51 39 34 35 31 12 24 30 44 46 55 59 58 48 10 42 32 10 46 21 44 28 14 40 36 24 49 20 47 42 33 39 26 55 25 28 17 44 29 33 59 28 15 12 22 42 21 53 38 47 32 26 36 49 39 29 50 31 18 32 51 18 32 35 53 35 15 27 46 47 20 59 58 47 17 38 46 50 39 40 21 26 56 22 29 57 15 37 42 27 44 48 35 55 57 11 59 10 29 48 17 17 28 51 40 13 59 17 12 12 54 42 54 43 10 37 43 47 15 55 48 12 18 22 55 31 36 53 26 26 14 39 26 22 12 39 35 35 27 25 27 26 13 56 40 45 20 32 52 49 57 41 55 45 55 42 49 15 42 24 37 50 25 56 32 53 46 35 50 21 29 39 47 
36 51 53 10 50 40 30 10 30 40 20 57 41 39 37 24 44 34 35 41 46 13 48 47 39 53 30 36 22 35 47 14 14 38 10 44 29 45 56 49 22 41 41 26 29 19 53 47 28 59 37 16 13 28 58 31 17 19 58 58 47 38 33 57 20 38 48 43 44 38 49 24 43 31 43 43 21 22 31 52 54 15 11 11 30 35 33 57 25 54 22 33 46 21 10 11 12 28 36 25 56 28 21 40 47 44 39 38 45 33 58 13 59 29 33 37 19 45 50 27 47 24 33 31 38 39 26 36 26 33 12 23 41 12 47 22 31 15 13 50 43 26 22 27 16 47 45 28 17 52 53 14 32 46 10 39 24 13 29 10 21 22 57 52 21 23 51 14 47 29 23 42 25 21 36 55 29 36 39 13 
13 40 49 59 11 41 42 31 43 38 42 31 26 12 37 39 51 37 16 29 43 33 22 34 42 41 20 31 43 48 59 49 47 49 24 28 41 50 19 57 53 49 55 26 57 45 11 59 33 49 48 19 47 11 42 46 18 43 46 35 19 46 55 20 22 51 15 39 53 17 13 45 19 58 26 32 49 18 42 42 25 58 10 52 32 15 37 53 46 52 50 21 11 46 12 41 21 42 45 45 13 33 35 11 12 42 48 35 43 26 30 33 24 10 15 55 28 22 38 54 44 14 50 15 22 16 31 36 53 49 28 35 50 34 44 34 27 55 25 14 40 28 52 28 59 13 27 16 57 38 28 55 27 56 33 21 57 42 28 16 44 40 24 42 40 27 26 41 10 42 59 16 17 58 16 55 44 56 34 56 
26 25 17 57 41 14 46 43 45 58 43 30 50 58 19 16 59 16 30 12 41 27 59 21 54 18 26 35 45 43 27 52 34 38 45 19 55 22 59 13 29 29 16 21 31 58 56 11 44 44 22 37 42 52 50 39 28 14 15 39 14 45 43 35 38 24 30 19 22 57 36 42 58 58 18 49 37 13 40 33 21 50 43 43 40 35 54 56 13 25 31 24 24 54 19 39 37 31 44 43 47 58 16 23 46 49 53 25 58 31 47 51 36 37 41 31 40 40 27 53 45 12 46 18 31 12 11 21 16 34 44 20 22 49 11 51 47 35 14 59 29 30 48 17 12 48 55 26 18 11 14 25 54 12 19 24 35 37 26 39 52 21 15 34 19 25 15 10 39 15 59 14 13 31 45 56 59 14 17 37 
21 59 12 27 51 27 27 38 16 30 15 47 29 42 26 40 51 56 22 11 17 58 43 34 27 14 23 12 46 56 15 35 32 26 49 19 34 34 56 20 19 26 24 42 25 18 54 45 39 47 16 57 59 18 21 23 48 30 11 56 45 55 21 38 44 51 22 36 50 57 53 43 17 24 18 41 54 20 13 53 47 17 59 56 41 59 50 44 21 29 53 15 23 28 27 59 53 53 51 59 27 48 45 38 20 16 58 49 18 49 47 17 28 32 56 10 27 46 22 29 32 59 50 52 14 24 46 23 56 21 44 55 13 35 18 16 10 37 45 13 34 41 42 13 27 59 25 53 14 46 39 48 44 58 55 18 34 30 26 39 18 28 22 31 30 29 57 39 33 25 25 15 57 23 40 15 10 29 28 15 
37 44 19 42 48 30 37 59 28 34 26 34 47 45 12 43 38 45 48 17 52 42 57 48 29 42 26 43 37 11 18 38 51 20 49 25 20 17 53 43 11 10 54 58 34 22 48 26 13 35 51 56 13 59 46 37 33 47 18 18 16 48 50 10 55 34 14 37 49 45 39 42 39 59 17 44 52 35 35 33 41 35 21 24 30 56 32 38 14 41 29 28 54 14 50 59 44 36 29 20 18 23 56 34 29 11 36 31 25 44 28 33 19 21 57 32 20 26 48 40 58 39 33 12 34 19 49 11 19 22 37 50 58 12 50 59 46 50 21 55 49 56 22 26 18 31 50 20 14 55 38 30 36 45 46 49 40 41 30 11 58 19 20 33 54 53 31 45 56 35 59 44 37 14 51 21 17 50 51 12 
21 51 36 23 13 38 27 21 11 10 35 54 48 17 19 15 20 57 58 45 39 50 16 34 15 36 59 22 38 53 53 32 10 41 11 56 11 19 26 23 41 59 38 29 36 26 25 53 39 11 36 30 59 54 47 42 39 24 20 33 54 13 28 30 47 36 20 41 48 26 12 53 55 38 27 30 36 41 19 51 54 41 29 55 58 55 27 52 23 33 35 17 50 25 36 22 58 49 30 30 27 51 49 47 39 41 51 23 51 15 39 52 35 43 38 30 50 30 35 18 25 52 29 26 56 36 34 46 39 30 45 48 40 35 45 38 35 38 29 30 57 49 50 53 51 22 30 53 39 30 59 22 50 48 19 36 33 43 14 24 38 16 49 32 45 10 55 28 53 31 21 21 53 50 27 22 54 48 46 13 
40 24 53 52 13 25 41 54 30 50 37 41 50 39 13 35 38 15 55 14 35 18 59 27 16 38 58 32 31 20 57 47 20 25 19 38 19 40 39 25 47 38 41 34 18 47 14 48 53 16 20 32 43 12 49 55 26 27 47 12 10 45 38 14 43 12 42 52 49 35 16 14 14 51 57 49 51 41 14 20 16 46 20 18 53 34 23 22 50 12 45 51 40 29 59 33 39 33 44 18 11 36 52 41 33 39 36 51 56 22 50 10 15 52 28 17 10 13 16 52 37 26 28 23 21 34 30 25 23 50 42 41 58 53 32 32 29 16 44 53 28 51 47 35 28 55 41 25 54 46 44 29 30 47 50 18 56 36 18 31 37 12 28 39 10 52 29 36 19 36 10 10 54 18 30 37 23 26 56 23 
47 28 55 22 37 33 48 40 10 12 13 30 48 34 57 47 46 39 17 50 35 18 49 18 34 33 54 15 57 24 22 38 22 35 35 13 14 56 20 19 35 28 24 26 11 42 48 27 55 52 25 55 18 49 38 30 57 17 54 18 50 41 42 11 40 29 30 47 14 54 58 27 57 40 22 47 43 21 43 42 50 14 24 19 24 37 57 35 45 16 40 42 14 13 45 25 11 18 30 34 46 49 43 15 19 13 52 55 12 43 40 46 44 12 59 14 32 36 44 45 56 22 26 57 49 50 17 53 23 31 13 22 45 22 11 11 49 50 13 18 38 37 26 30 40 17 57 36 29 27 59 54 54 58 52 28 46 16 46 10 44 59 56 30 59 53 19 26 30 29 38 48 51 39 28 37 34 37 38 49 
48 13 19 47 38 24 32 10 58 29 30 23 25 54 57 41 44 21 36 27 36 14 45 45 22 42 30 37 24 20 46 33 23 28 31 31 31 59 56 55 32 27 43 10 22 38 15 11 26 21 39 20 29 11 53 15 46 19 47 10 43 23 36 49 49 11 53 24 40 11 13 24 49 36 23 29 26 36 29 38 19 41 19 49 26 58 51 33 45 48 10 51 44 46 28 16 19 33 58 10 18 25 14 19 35 59 11 27 15 58 55 46 12 49 11 53 14 54 37 38 28 57 22 28 53 23 21 47 57 47 11 51 48 37 43 25 28 26 11 12 54 53 30 26 18 48 23 37 43 24 17 24 18 29 18 10 31 30 20 54 25 47 14 17 32 34 58 13 58 52 59 33 23 18 50 51 27 39 38 59 
20 27 17 57 38 19 44 50 56 57 27 59 38 35 57 26 50 30 59 59 42 15 55 25 41 26 24 36 34 46 21 23 23 37 57 41 14 35 40 39 56 34 44 21 42 56 36 46 21 47 19 20 41 39 58 13 21 17 26 30 23 11 43 40 23 36 38 10 34 31 47 17 15 30 36 25 55 47 32 10 38 14 30 29 26 45 41 31 21 40 18 54 58 40 17 48 21 14 43 24 23 59 15 44 32 58 10 31 18 40 51 47 59 25 54 49 14 11 15 53 17 26 35 14 51 22 46 49 43 41 42 25 35 43 32 44 55 45 53 41 16 35 31 19 59 15 43 38 56 48 56 36 35 56 31 15 26 53 29 53 57 36 27 19 49 50 14 47 13 11 36 26 49 34 55 22 51 41 20 28 
48 32 53 26 46 51 36 48 59 27 39 37 42 17 39 54 33 42 50 58 23 17 29 10 29 36 30 57 15 32 21 21 49 58 14 29 27 24 29 35 22 37 58 18 23 52 22 20 16 25 20 26 50 18 28 23 29 45 34 54 36 46 52 39 59 49 34 37 27 42 19 34 45 42 18 37 25 21 35 14 33 18 19 36 35 36 43 18 51 43 11 13 16 45 55 42 18 28 32 24 54 50 45 58 33 39 20 53 30 51 24 56 16 35 48 54 37 38 55 43 54 18 47 55 36 30 40 59 58 10 38 55 14 12 31 13 58 58 51 56 48 53 11 30 14 25 10 45 30 32 25 33 42 15 40 42 34 35 27 28 22 43 57 48 28 57 59 38 48 13 22 33 11 25 43 29 12 29 27 41 
20 26 27 58 21 42 48 50 56 40 55 51 49 26 37 59 44 49 54 13 51 11 13 10 12 22 50 18 24 47 16 32 20 41 34 39 13 43 41 11 50 42 42 10 14 31 46 25 26 53 25 32 56 37 36 39 24 30 26 54 40 18 25 16 40 49 21 25 34 25 15 16 41 41 25 49 38 37 25 21 44 31 30 32 29 37 56 17 19 59 59 26 37 13 34 10 40 13 32 28 33 13 26 32 58 34 47 11 50 32 37 24 36 40 43 39 56 25 27 49 54 49 36 50 59 38 22 25 41 48 56 27 49 50 26 25 24 31 14 48 27 24 42 50 27 41 40 28 56 44 40 36 22 33 50 28 50 57 39 52 54 35 16 34 24 21 20 56 16 19 14 35 33 10 28 41 11 31 42 38 
50 42 32 22 10 14 27 25 56 16 45 13 18 56 23 13 32 40 34 29 27 55 45 47 23 22 52 27 48 26 28 59 50 19 59 52 27 12 13 53 38 38 11 24 53 37 39 28 18 38 38 59 49 58 12 57 18 17 54 41 19 15 52 26 51 18 31 43 33 11 22 20 44 31 34 17 21 56 58 36 55 27 45 50 13 21 29 34 32 41 19 48 52 19 30 23 42 48 13 20 44 30 47 36 51 49 11 29 58 10 40 56 55 20 10 33 47 32 38 14 16 54 14 45 48 19 32 59 29 59 30 10 41 48 38 44 13 31 27 52 56 49 20 42 52 12 47 21 40 10 40 26 15 19 32 10 30 45 46 45 20 29 42 52 41 49 33 47 23 35 58 44 22 19 18 23 38 27 59 23 
22 52 39 38 39 43 46 23 52 23 46 42 18 17 31 20 35 21 14 14 37 47 32 54 35 18 19 57 20 27 30 23 59 43 44 58 41 46 34 49 16 42 25 16 36 31 45 54 40 25 11 35 15 52 57 10 28 18 11 39 31 32 28 18 54 27 42 52 10 31 55 29 58 24 41 13 13 50 14 11 52 23 35 46 18 56 57 16 27 42 39 32 15 54 21 24 18 45 24 23 33 22 48 35 41 19 31 36 55 16 14 19 26 19 58 16 22 36 24 19 48 13 21 52 12 42 55 39 47 28 30 54 57 12 38 42 14 49 23 40 26 35 11 51 10 13 14 43 44 43 32 27 14 58 20 25 13 39 51 21 14 59 54 10 26 25 54 55 34 26 28 46 59 45 53 12 42 15 13 14 
26 16 11 54 35 28 41 43 26 54 51 29 27 47 15 58 19 39 12 55 43 22 31 53 32 38 34 29 15 27 12 31 38 19 39 13 39 28 28 46 53 49 40 25 42 58 32 44 12 23 12 54 22 13 52 24 45 50 11 14 45 31 54 45 40 26 37 32 32 14 32 58 33 27 25 40 46 17 21 35 44 35 41 13 42 24 18 34 26 19 48 36 12 44 18 54 58 33 38 25 57 50 36 41 44 45 21 52 47 12 49 24 48 36 44 24 36 46 41 21 30 41 55 55 55 34 27 13 19 20 10 35 22 21 49 55 15 37 13 25 31 23 54 48 46 10 59 54 35 10 24 11 20 54 53 16 35 49 26 58 52 36 44 28 38 24 51 36 12 41 14 13 29 50 22 14 54 54 56 47 
59 23 58 49 48 24 47 10 57 56 18 42 53 38 56 58 26 55 17 36 22 51 51 25 41 16 34 44 52 25 51 46 26 22 54 43 50 47 57 44 58 46 11 33 57 47 50 40 21 18 38 21 59 19 53 51 39 24 17 28 14 51 18 25 26 35 20 23 58 15 21 30 54 53 32 21 26 16 45 39 58 45 11 40 27 33 56 57 12 29 17 42 53 56 28 27 48 55 56 59 22 42 52 23 51 25 53 49 50 12 11 20 59 27 45 44 54 43 18 33 38 25 25 24 28 45 38 28 31 30 21 46 41 52 10 38 17 25 22 39 11 55 19 58 29 58 26 32 26 13 49 58 12 39 25 22 11 55 52 46 16 16 45 47 16 36 42 18 23 24 18 49 53 25 10 12 27 41 37 46 
44 24 53 33 40 45 42 41 18 15 39 29 22 32 16 52 52 11 23 16 37 26 10 27 26 31 15 16 40 10 59 40 39 49 32 17 42 33 20 15 54 20 15 46 26 44 28 46 38 50 21 47 35 41 33 36 32 38 46 26 20 58 14 53 51 33 51 31 20 44 43 36 21 16 37 43 59 48 39 44 23 20 19 42 27 30 20 43 36 11 45 33 41 34 36 47 16 40 17 21 37 19 34 42 33 53 13 11 13 21 38 33 21 35 48 22 41 54 59 12 46 23 51 35 58 47 43 12 24 14 24 41 12 58 58 26 49 40 18 18 12 36 35 32 13 21 36 31 22 45 48 17 49 18 22 29 33 40 33 26 32 44 51 39 20 43 42 50 18 27 27 50 45 36 52 11 26 41 20 33 
45 30 23 16 57 42 24 58 31 15 32 33 42 52 33 10 13 21 51 26 35 33 10 20 11 21 34 22 12 36 17 23 34 26 43 35 24 40 34 21 14 32 59 32 43 37 39 13 49 53 38 57 56 51 42 36 28 50 22 48 46 28 57 44 53 40 41 16 21 56 51 52 59 17 57 28 13 34 13 48 34 23 44 39 37 57 16 29 52 53 31 57 38 31 36 25 50 39 33 29 19 53 24 54 33 23 28 43 36 31 28 47 24 11 18 34 18 33 32 48 10 59 51 21 53 33 20 26 22 24 46 45 47 42 37 52 36 23 40 47 28 11 53 25 49 27 46 43 39 55 35 19 45 28 56 53 44 30 25 46 35 26 50 19 45 26 13 49 45 44 38 43 31 37 29 47 34 59 48 51 
51 42 30 59 27 59 21 48 54 32 44 47 12 55 14 43 46 54 28 57 37 31 25 20 12 18 16 55 50 32 27 30 53 15 43 57 18 47 59 41 18 27 51 37 33 20 59 49 12 40 33 32 57 13 47 16 33 27 42 59 11 31 46 59 32 25 59 21 59 11 15 31 41 55 58 15 40 53 40 42 33 41 43 22 16 33 52 45 25 33 22 37 46 37 48 49 20 35 15 33 15 32 29 56 30 53 41 32 20 56 31 26 40 52 43 32 34 47 49 35 32 51 36 56 30 20 58 37 16 21 56 12 30 52 49 45 41 51 20 12 29 49 18 10 28 58 45 45 11 26 37 28 13 44 21 43 19 54 32 40 12 34 57 54 51 39 25 22 40 39 11 36 53 38 22 12 50 56 17 15 
48 26 49 48 56 49 24 31 13 38 32 24 41 22 50 18 59 12 45 26 21 47 35 38 10 47 13 37 59 32 21 58 42 25 48 21 11 10 21 58 17 28 48 28 32 19 26 34 15 26 52 46 46 30 40 15 26 53 51 10 24 52 12 24 30 59 46 19 23 18 41 35 27 36 48 11 28 41 37 24 15 26 58 12 36 21 37 46 24 43 37 24 59 23 56 13 13 34 29 59 44 28 14 20 16 41 31 55 19 49 15 29 15 59 35 56 36 47 49 32 17 30 22 53 53 54 50 19 23 44 50 17 41 21 18 14 41 11 43 31 32 24 57 55 11 50 54 29 32 56 16 33 24 33 33 23 25 42 14 25 18 53 29 54 29 46 52 57 12 35 11 29 44 48 19 29 35 37 50 36 
40 56 24 38 40 13 56 47 37 10 41 16 32 37 17 55 59 56 11 49 20 25 35 47 45 12 22 15 14 24 37 31 49 14 38 29 25 32 42 25 15 14 59 57 37 44 28 30 24 27 26 26 30 22 42 53 20 19 23 48 38 45 46 22 32 26 48 15 50 16 13 55 40 12 10 25 24 11 22 29 22 18 25 48 35 19 54 41 46 11 43 23 43 36 20 42 19 41 31 34 59 36 38 53 47 40 36 13 40 47 14 16 35 13 39 55 22 47 23 21 45 57 18 57 59 26 24 34 30 49 22 56 41 45 21 40 39 10 28 40 36 26 34 58 20 12 43 29 56 23 17 52 53 50 52 54 18 36 11 41 22 36 53 10 21 36 48 44 58 12 43 24 38 43 58 29 11 39 35 27 
