11 28 29 11 22 53 11 14 14 54 14 44 53 13 32 26 16 21 56 57 48 44 31 50 23 15 27 10 41 47 44 45 21 23 44 36 32 11 35 12 25 34 40 56 11 35 22 34 30 42 48 57 19 31 53 55 18 29 11 29 49 36 43 49 38 17 45 16 16 51 42 48 32 49 55 57 21 53 29 10 
10 19 16 52 25 11 19 50 14 20 23 47 25 43 37 16 51 21 13 39 12 11 53 40 14 59 34 41 49 19 40 27 44 38 35 19 16 40 52 34 14 35 31 18 28 45 57 37 41 41 42 19 52 57 19 52 55 57 35 52 56 20 13 28 20 48 36 13 48 24 55 25 59 55 28 13 47 57 59 52 
44 30 20 19 27 47 21 53 49 37 27 28 53 53 19 50 31 48 26 32 27 18 53 51 14 45 43 39 32 43 44 55 33 55 27 49 10 58 37 44 22 30 28 58 15 15 49 15 29 32 11 33 16 27 35 56 25 25 56 33 39 39 49 18 12 31 42 11 47 20 22 43 17 47 49 50 11 13 35 28 
55 57 37 19 55 33 20 18 30 40 27 55 47 35 46 22 17 59 18 21 53 21 50 31 36 42 12 10 43 23 32 44 23 10 43 36 38 20 25 26 36 54 45 58 22 26 10 53 38 36 10 34 29 16 17 14 52 28 21 39 53 25 14 43 16 49 29 33 15 22 55 21 59 52 28 56 56 23 40 57 
43 20 28 32 32 57 57 47 24 13 51 38 32 39 29 18 50 53 27 30 38 30 45 56 25 52 42 14 15 21 50 12 26 10 40 32 19 28 26 21 36 47 44 25 58 31 19 30 49 29 46 55 42 10 26 58 37 36 36 49 45 37 19 13 12 41 46 51 44 48 35 57 40 27 27 17 28 30 54 16 
26 39 26 42 15 34 47 59 47 37 30 41 45 56 56 13 18 39 14 27 19 30 14 22 13 21 29 27 16 57 26 23 39 39 47 37 51 29 56 38 50 40 24 58 57 43 25 33 40 35 22 20 42 13 21 47 30 51 24 13 38 15 55 39 46 21 13 23 50 27 54 29 33 51 15 44 54 15 34 32 
42 50 20 55 35 42 25 17 44 38 28 53 31 41 12 51 29 32 36 50 40 40 52 30 40 22 29 18 56 24 36 39 13 38 48 47 42 29 45 18 34 10 10 23 41 27 47 55 35 45 46 36 11 40 42 40 50 39 10 36 52 57 40 48 30 37 25 19 44 55 58 47 13 26 20 41 31 44 38 33 
20 44 47 25 53 53 37 49 15 26 31 19 31 43 41 27 44 39 40 51 31 53 12 37 46 54 20 25 42 38 43 43 14 25 55 56 17 17 17 40 10 10 11 34 32 30 58 37 18 23 15 28 44 46 58 39 38 23 40 59 26 28 27 20 40 58 27 53 33 48 37 10 52 47 43 50 53 16 31 16 
32 43 24 58 22 42 37 27 23 27 37 24 33 28 37 41 53 59 24 14 41 28 54 46 23 13 39 50 23 49 40 22 55 37 26 49 17 54 42 51 28 48 18 44 16 22 52 47 41 30 18 28 34 43 59 20 10 54 36 52 37 34 27 43 19 43 16 48 17 20 26 15 39 40 29 41 47 56 37 38 
30 53 24 40 18 45 28 41 10 55 15 46 51 10 35 13 16 30 26 46 34 47 37 15 38 23 54 54 47 43 15 21 15 56 39 42 26 17 28 23 37 12 30 51 45 30 13 52 49 41 55 44 59 54 58 28 47 41 28 17 22 28 49 23 39 37 45 12 55 59 45 15 57 24 49 20 42 13 22 55 
54 49 48 29 16 42 10 36 33 38 58 58 21 17 34 22 47 46 22 31 54 29 16 44 24 47 18 16 46 51 20 50 25 20 40 16 45 17 21 36 34 36 15 51 50 20 58 28 46 39 29 49 37 51 28 17 28 55 18 54 36 32 42 21 10 53 21 50 36 28 52 35 39 30 28 36 52 51 21 45 
26 39 42 22 46 36 28 39 16 21 56 44 26 28 59 41 15 11 54 20 31 17 41 46 32 54 51 50 45 47 14 23 49 56 55 57 37 12 46 44 15 53 51 11 40 37 33 13 22 37 59 43 34 34 58 47 53 44 34 20 26 48 18 47 49 29 48 24 20 19 33 35 21 51 43 13 43 48 53 31 
15 15 57 46 40 11 19 54 20 25 11 21 41 34 10 13 38 20 16 24 20 16 52 40 52 15 11 32 38 11 13 49 29 52 35 27 20 50 16 10 55 58 51 42 57 34 30 41 33 31 53 26 43 49 47 28 14 28 53 22 32 22 21 16 51 23 12 13 21 25 59 32 38 46 18 19 58 36 17 31 
45 21 59 15 56 36 59 41 23 45 29 24 49 22 58 16 36 23 23 44 31 46 32 20 10 56 45 27 45 23 54 43 21 52 57 45 36 57 17 30 48 41 19 38 22 56 59 32 40 37 19 12 54 30 55 30 44 51 23 40 54 57 21 35 10 28 15 18 22 17 30 17 13 30 37 13 34 44 43 10 
12 20 23 11 45 45 19 16 28 41 49 43 34 40 18 15 37 15 39 15 36 58 52 58 10 41 16 44 33 21 23 48 47 40 51 56 13 56 22 18 15 34 39 19 36 23 47 55 36 58 28 41 14 47 54 23 25 58 49 36 52 27 16 35 56 31 48 59 31 42 28 33 24 12 52 39 19 41 57 14 
51 24 35 37 51 17 57 39 29 19 44 29 42 23 16 12 44 15 32 21 17 17 29 31 15 14 26 22 16 50 51 33 45 46 45 52 54 25 35 40 31 36 44 35 22 14 37 44 52 28 56 33 13 23 28 44 21 32 28 48 59 33 53 32 27 38 18 25 18 22 17 44 37 19 57 38 37 28 13 48 
15 17 25 43 44 28 30 15 45 15 19 45 21 15 45 25 36 16 41 32 48 33 20 21 33 15 50 56 29 18 10 40 25 42 32 34 24 39 43 55 14 46 22 28 24 43 10 46 40 39 40 47 12 53 26 44 20 13 53 16 25 23 51 46 17 43 58 14 36 27 50 23 54 23 16 56 49 27 37 40 
47 53 10 12 42 55 35 38 20 56 28 42 30 37 11 17 53 27 23 18 16 19 33 54 21 56 30 55 16 42 43 11 29 56 55 23 53 54 23 49 34 21 50 52 40 46 59 14 35 52 15 26 56 45 17 11 46 20 58 43 26 46 57 40 58 20 40 25 30 48 16 24 25 54 51 26 13 26 28 55 
19 39 18 38 15 51 26 49 46 36 32 26 15 10 10 57 55 30 58 22 14 52 25 53 55 28 23 26 52 50 40 19 44 35 12 17 47 27 44 31 41 45 12 55 17 56 46 34 51 30 52 47 15 14 43 22 36 54 40 33 56 16 40 19 25 48 32 40 35 43 51 21 36 58 29 46 45 13 40 32 
11 38 14 52 28 27 57 33 44 10 35 51 24 26 53 33 10 36 35 16 41 50 10 28 25 15 53 55 30 31 33 20 18 17 29 46 14 17 21 30 48 27 46 16 34 37 47 52 46 14 39 11 26 46 24 16 37 57 18 29 27 15 22 48 26 13 45 12 47 33 39 43 48 47 20 24 20 21 52 31 
56 21 18 39 15 47 48 32 17 53 51 57 28 59 23 37 17 55 49 24 16 56 15 42 27 33 33 12 26 36 58 19 37 53 57 19 42 28 25 39 52 54 32 41 41 57 35 29 27 13 58 32 49 17 14 56 14 49 17 16 11 12 10 32 11 51 29 33 48 24 22 11 20 47 48 26 33 11 26 53 
32 28 21 12 41 33 33 50 14 49 58 28 24 48 23 56 45 10 25 13 42 40 37 51 49 28 21 45 29 20 28 51 45 43 33 21 47 44 36 16 43 27 50 22 36 24 58 47 28 48 52 23 31 31 14 58 34 31 45 23 35 11 42 16 30 54 15 21 45 26 54 32 33 34 11 42 40 18 11 10 
14 31 42 18 51 37 23 16 23 31 32 48 57 51 59 44 22 22 51 12 46 10 46 25 47 56 15 51 58 49 15 24 30 21 20 56 24 34 53 40 59 47 31 49 51 57 43 47 18 48 45 30 33 58 18 54 52 52 38 44 14 18 50 42 41 28 45 28 16 49 14 41 45 14 45 43 20 29 24 32 
21 58 30 55 50 17 13 47 11 54 59 24 21 20 24 44 30 31 48 46 14 34 54 44 56 20 22 40 32 39 56 35 53 52 51 35 11 17 54 11 36 39 31 37 23 18 55 13 39 55 46 51 15 53 39 27 29 45 53 10 50 38 38 29 30 16 55 17 20 44 10 45 48 48 13 23 59 27 29 13 
29 15 14 22 23 36 43 20 54 27 37 16 21 16 46 32 47 46 37 45 49 24 14 23 59 29 10 27 35 11 59 37 40 23 13 58 15 40 56 12 35 28 49 55 28 36 24 37 25 35 14 22 35 15 52 33 57 42 30 28 56 42 14 12 29 53 43 18 14 24 46 29 57 18 34 19 59 26 47 49 
25 24 45 26 34 11 56 33 59 19 53 21 24 26 53 22 55 25 50 25 28 38 41 16 25 24 53 59 35 27 37 39 22 57 29 51 44 18 23 18 29 43 11 21 48 35 32 39 39 43 43 27 50 25 19 36 53 35 45 18 47 16 48 54 38 13 47 46 32 31 27 48 49 40 30 21 18 55 13 18 
31 53 34 29 21 31 14 35 26 25 52 24 15 28 56 46 42 37 39 33 30 31 14 45 11 28 40 24 37 46 40 55 35 14 32 35 54 33 31 58 20 33 55 46 49 55 24 11 13 42 22 21 42 38 44 39 20 32 38 21 17 17 33 10 59 22 48 45 24 28 26 40 35 16 25 13 31 43 12 40 
10 20 34 44 12 35 55 44 56 14 21 50 44 57 30 32 14 56 24 26 14 31 47 55 39 51 34 48 53 11 18 32 15 15 38 59 57 49 31 31 52 59 29 51 44 35 10 14 34 34 59 38 34 38 40 21 26 56 31 54 23 31 18 21 22 11 34 51 58 41 44 25 35 29 53 45 21 59 12 43 
55 31 12 23 40 56 12 29 42 30 26 29 28 16 26 17 56 29 40 59 21 20 47 54 25 29 49 21 53 50 27 24 59 57 56 12 28 35 14 27 10 40 42 27 15 27 10 53 44 41 29 56 40 55 36 22 47 33 21 35 54 25 49 11 25 50 51 34 26 23 30 18 31 36 25 46 31 37 28 53 
51 43 31 51 35 14 22 34 17 22 15 21 42 46 35 54 54 35 28 52 16 30 35 21 41 21 22 14 25 12 22 56 28 42 52 43 41 53 19 40 22 38 23 19 27 30 36 55 40 39 38 46 53 47 54 44 29 31 13 54 16 50 22 57 24 54 49 47 18 23 38 40 24 49 52 10 55 19 33 38 
17 20 54 22 55 43 50 18 23 34 14 43 19 35 22 57 12 15 21 23 16 45 52 49 29 26 55 18 23 19 38 32 16 12 49 23 51 59 11 51 37 38 38 52 40 55 55 25 21 59 10 30 12 36 14 29 59 32 24 18 44 45 56 19 28 31 27 10 48 23 52 32 22 12 19 33 25 29 45 28 
36 51 18 28 47 54 46 30 40 23 44 16 37 30 17 37 36 40 19 50 53 28 38 59 46 18 50 29 26 51 58 19 12 35 32 55 40 59 35 42 11 18 15 34 23 53 55 51 57 32 43 20 11 16 58 22 20 58 32 40 32 39 26 38 43 50 19 58 51 28 45 19 31 19 30 59 32 15 19 41 
49 21 25 26 56 33 18 54 45 35 35 56 11 54 28 24 52 51 22 42 16 39 40 49 58 54 17 58 29 44 28 41 25 49 33 23 24 37 46 38 23 17 24 51 58 32 33 45 39 44 32 26 39 16 14 55 41 33 49 49 46 54 55 47 34 53 21 14 27 30 57 35 23 29 44 37 15 18 59 33 
40 41 59 20 50 32 49 43 19 54 58 42 29 14 58 41 57 43 41 46 42 40 35 15 20 43 23 33 48 27 46 41 53 15 27 53 24 34 16 23 35 40 18 38 50 35 36 23 56 50 15 32 11 27 21 59 33 38 29 48 40 55 30 49 23 28 25 25 10 20 53 37 15 20 36 38 27 19 40 51 
46 26 15 22 53 39 20 18 42 22 49 22 41 10 45 48 41 16 20 12 28 39 47 51 55 39 13 24 59 17 51 57 23 16 12 51 41 48 16 36 48 13 22 36 34 54 30 25 56 38 38 42 25 39 38 59 24 14 54 42 24 51 18 58 55 35 33 35 35 28 53 39 16 39 45 26 19 55 43 15 
48 40 52 26 40 47 21 53 31 20 56 50 35 52 56 48 42 13 36 40 41 11 24 26 15 43 25 15 45 54 48 15 12 25 37 56 43 43 25 47 44 25 48 37 20 54 15 34 28 50 38 12 13 49 28 40 27 55 12 12 21 44 11 10 11 44 29 12 23 56 48 26 40 41 47 43 47 57 52 52 
33 33 19 10 38 40 34 32 19 24 32 59 28 12 53 15 35 40 12 39 46 25 51 44 45 43 26 45 29 46 19 31 46 17 22 20 18 16 12 52 24 19 40 58 49 41 21 19 22 16 48 25 23 12 22 45 11 42 45 12 30 32 19 28 29 18 33 10 20 43 24 46 38 29 25 47 59 26 24 59 
50 51 38 53 47 40 49 43 30 27 46 14 35 41 13 25 37 16 57 15 44 34 28 16 27 43 41 46 27 56 23 38 32 45 33 56 28 33 51 59 35 17 55 46 40 33 51 32 42 27 21 23 41 27 44 45 48 26 43 11 34 52 39 17 25 12 10 41 56 24 34 34 42 26 52 19 45 17 58 13 
31 30 29 30 57 18 37 31 34 22 34 56 54 21 27 19 59 44 18 23 20 27 41 36 22 38 53 57 16 40 36 14 11 12 34 58 30 19 52 37 36 55 27 31 36 26 52 37 21 36 22 23 36 14 34 48 22 50 53 57 53 35 27 59 23 21 21 28 52 15 23 49 34 55 24 14 18 58 40 17 
50 20 28 24 43 14 26 56 59 20 29 22 32 28 40 10 21 36 56 53 49 41 41 53 55 41 45 25 35 35 29 42 54 15 51 44 58 18 26 53 17 38 10 39 45 14 39 35 22 44 44 41 11 22 26 18 58 13 37 35 51 48 46 36 32 40 14 23 49 47 54 10 17 46 10 35 11 39 41 42 
