41 20 41 15 17 25 13 17 38 24 21 22 44 30 40 40 17 45 56 46 57 48 13 50 39 52 31 41 47 49 22 14 50 35 48 34 52 37 22 45 
28 50 40 39 47 41 40 52 46 51 50 30 16 27 52 33 27 58 38 20 51 35 13 25 20 30 19 30 11 31 39 44 59 17 27 17 42 45 41 46 
52 53 21 25 38 55 44 24 36 26 51 55 13 32 59 50 17 10 41 31 29 14 17 36 21 25 26 53 37 44 18 25 36 43 15 21 41 43 58 29 
41 13 47 51 30 47 31 23 49 55 42 47 53 18 43 40 15 38 45 26 54 37 42 21 15 35 17 18 22 56 50 24 33 25 14 38 12 47 58 56 
21 45 38 59 36 39 51 55 58 31 52 13 31 28 57 15 33 41 47 31 21 57 45 55 21 25 56 54 44 29 57 52 44 38 35 31 56 31 15 59 
46 56 40 37 45 54 15 56 24 15 30 54 36 58 26 38 10 46 58 39 10 56 29 44 10 18 55 33 42 21 40 21 36 14 46 57 35 23 27 56 
49 50 18 41 10 39 34 25 31 29 18 41 32 46 10 34 34 56 16 23 11 25 23 26 37 42 37 37 51 18 25 40 39 48 29 42 25 27 39 40 
44 57 37 34 12 32 46 10 51 27 26 48 26 39 23 56 10 14 12 20 54 53 36 58 48 43 52 13 13 36 12 15 43 20 23 50 50 33 18 56 
28 49 41 47 53 33 47 45 38 48 58 14 38 57 20 15 28 45 54 23 21 20 19 47 30 24 10 22 17 33 38 43 45 23 37 31 44 13 45 33 
52 36 23 41 58 57 19 57 56 40 13 42 51 43 23 16 51 29 36 42 36 26 57 19 27 47 39 59 24 46 21 46 22 27 58 54 22 29 19 25 
30 53 52 21 52 55 48 13 41 36 35 29 40 27 28 20 48 34 21 42 43 39 52 29 14 28 55 58 47 16 25 17 27 31 44 56 29 35 57 35 
35 49 40 58 23 35 42 40 40 46 55 48 39 41 23 41 53 15 19 50 28 47 50 18 20 26 21 44 11 44 45 36 43 35 53 59 22 21 19 12 
24 42 42 26 20 55 25 25 50 58 30 16 14 32 10 36 10 54 55 18 42 41 38 48 28 11 20 18 51 19 15 57 44 33 35 40 47 56 12 22 
48 57 38 46 55 58 41 52 22 55 45 35 17 15 11 58 10 36 27 48 47 37 39 35 18 58 39 15 42 29 24 11 21 41 53 11 56 55 22 40 
58 23 15 28 48 22 14 51 24 14 53 21 35 20 35 25 53 14 17 48 48 16 19 11 43 31 13 46 44 19 10 38 21 44 35 26 30 42 13 15 
38 13 36 10 50 38 24 49 17 52 11 28 59 26 22 35 15 14 51 51 46 55 43 40 44 52 39 26 26 45 45 10 46 46 53 49 25 29 14 22 
30 40 22 23 57 59 34 18 55 27 35 58 36 22 49 49 34 37 19 38 14 19 28 44 57 15 10 47 38 56 11 11 13 28 57 24 15 40 49 52 
57 13 13 49 38 53 25 35 28 32 25 39 42 12 44 16 10 16 51 20 25 24 59 50 51 35 38 57 13 16 45 36 48 24 26 50 42 24 20 18 
15 44 29 33 52 36 27 25 46 53 19 40 52 16 25 29 18 47 17 52 14 19 26 33 26 52 30 29 37 47 35 55 15 11 49 37 12 34 15 33 
40 25 40 35 52 35 11 34 17 21 14 33 52 35 31 47 44 13 30 54 52 19 38 42 26 16 40 14 11 59 17 43 51 17 12 11 27 14 18 59 
