24 56 24 51 23 29 24 31 28 47 41 29 20 40 49 38 51 49 44 38 
24 52 31 59 48 58 40 14 52 25 20 15 48 55 11 59 29 28 54 17 
58 25 25 26 54 47 38 21 58 28 53 40 13 15 32 21 52 54 35 11 
36 34 35 37 54 30 26 53 19 23 57 12 16 39 10 14 31 44 50 39 
55 29 21 12 11 15 36 15 40 55 22 18 41 32 45 22 42 24 39 46 
28 41 41 37 32 27 54 18 53 53 44 24 38 29 14 37 58 22 16 20 
30 22 29 20 36 45 53 27 36 27 11 35 26 34 58 39 55 33 30 31 
13 54 19 50 54 35 27 27 48 36 53 13 58 28 34 17 15 38 48 29 
20 45 59 42 43 46 48 48 20 33 25 57 52 58 33 40 47 11 26 13 
18 14 22 47 42 42 27 17 19 49 27 46 37 30 56 13 58 44 40 56 
