20 50 43 44 33 37 39 38 39 30 58 35 34 27 42 21 46 22 59 28 33 17 51 35 38 35 47 12 27 48 21 27 21 33 23 55 46 44 49 25 24 46 33 18 36 14 16 59 19 35 20 21 55 16 34 10 41 39 22 49 17 10 57 38 27 36 37 26 47 24 54 23 49 41 51 33 33 51 36 12 39 21 35 27 15 13 58 58 47 23 27 50 29 38 58 31 48 53 28 16 22 14 35 14 45 46 18 45 21 40 47 33 25 32 26 46 57 13 58 14 54 16 41 53 45 36 53 32 48 42 34 34 52 35 49 34 21 47 46 56 
28 23 17 14 29 49 22 57 42 23 10 56 31 38 48 10 57 37 41 37 21 46 34 33 28 21 24 37 59 49 11 47 36 44 54 37 45 40 34 41 43 59 12 48 38 49 20 51 27 40 42 43 33 38 40 19 20 46 21 24 22 58 18 14 31 25 27 42 38 32 35 16 52 57 19 46 20 12 18 57 10 25 51 53 27 20 23 12 20 28 57 27 24 23 35 36 46 54 10 57 24 41 10 39 49 53 53 24 55 13 50 58 37 14 54 30 42 36 32 32 39 34 38 14 10 40 32 41 33 34 26 37 20 23 58 18 29 27 18 46 
19 50 50 28 12 57 17 23 40 53 36 43 21 54 59 50 56 20 39 42 39 49 16 22 56 27 19 35 51 52 26 22 14 29 59 54 22 25 24 54 50 45 29 54 16 37 10 24 25 19 10 33 46 35 11 50 47 17 55 32 42 11 42 56 54 30 30 13 57 17 38 11 19 51 39 42 18 33 54 38 33 31 59 46 23 19 22 39 30 57 45 14 14 27 33 22 19 24 34 13 46 28 18 12 34 32 13 29 16 10 58 58 39 42 48 27 46 22 39 26 11 53 47 58 47 53 40 42 18 16 40 44 53 31 51 28 49 55 48 28 
55 19 42 24 35 48 47 13 19 19 47 24 26 16 15 38 33 25 53 35 14 39 45 42 35 22 49 18 27 27 50 48 11 34 39 33 52 34 46 36 21 13 46 35 15 25 33 14 30 28 52 20 16 16 29 20 18 23 51 24 43 50 44 59 30 47 15 20 38 18 39 25 57 28 47 34 58 19 13 28 32 24 12 38 28 35 12 56 26 55 49 36 55 33 57 29 25 26 59 16 32 54 17 32 19 52 16 56 22 37 53 18 50 43 22 35 12 35 30 47 29 19 14 11 30 21 50 12 40 39 26 56 15 53 22 13 21 58 40 53 
22 26 57 44 56 39 57 55 19 54 24 20 55 37 43 13 37 33 27 55 27 40 49 56 15 58 15 27 35 21 52 10 45 13 17 21 38 52 25 48 22 39 34 16 59 11 15 55 55 13 45 17 27 13 13 55 28 40 57 41 45 11 22 23 38 41 14 22 19 37 20 41 21 22 14 25 59 42 11 14 32 47 45 51 27 33 35 14 49 50 53 56 15 43 51 41 50 56 21 38 39 58 35 17 58 56 56 39 31 11 47 52 23 36 38 42 19 39 18 26 21 42 52 37 10 36 40 23 50 25 25 53 48 37 45 15 39 12 25 21 
20 22 16 51 28 41 11 20 25 18 55 48 38 45 22 11 46 45 14 51 44 51 15 33 11 23 44 31 28 41 59 28 58 10 46 13 45 27 38 23 33 49 57 35 19 12 26 28 36 40 10 11 17 56 21 20 28 20 52 42 45 48 32 54 56 59 20 18 42 35 59 28 50 21 32 46 39 23 14 26 56 14 28 32 24 28 29 51 16 27 32 39 29 28 24 32 41 35 58 48 32 54 22 47 13 44 39 50 23 49 33 21 26 40 41 46 10 30 47 26 49 40 14 17 19 15 13 47 23 27 58 23 17 10 30 30 12 43 43 59 
57 40 40 53 51 52 27 48 23 18 40 51 18 23 41 37 40 42 19 17 11 57 58 48 41 23 59 35 30 49 39 13 54 56 34 39 19 27 51 29 58 25 27 31 49 29 20 44 53 16 19 31 54 47 53 24 10 16 36 59 41 14 39 32 40 34 51 52 21 39 18 18 52 58 40 37 31 48 42 50 21 54 20 51 29 51 25 18 19 42 26 28 24 27 17 30 47 46 15 48 27 21 39 34 43 55 43 31 12 54 53 26 35 30 43 28 58 47 41 55 46 29 37 57 37 53 19 39 24 35 59 19 28 37 50 52 48 54 13 46 
56 28 55 14 55 39 28 33 27 49 57 59 53 23 33 15 54 30 37 50 51 52 55 46 35 26 56 36 43 29 45 45 59 28 52 41 56 19 40 39 17 19 39 17 57 10 10 57 14 26 45 14 28 18 56 23 51 47 31 28 18 35 49 24 35 37 22 57 47 36 47 31 56 53 45 50 58 39 39 17 37 13 41 52 17 34 52 41 44 44 27 51 32 12 30 44 50 14 41 27 45 37 52 17 25 25 18 53 30 13 15 16 44 50 14 34 52 17 36 34 38 21 55 29 37 11 17 13 41 57 26 37 16 54 46 10 30 41 43 35 
28 39 25 24 48 35 14 20 53 37 38 37 18 28 17 13 19 25 58 37 23 36 41 17 22 37 21 12 39 59 18 37 53 43 21 49 53 57 33 55 18 28 14 59 43 16 14 26 40 33 34 33 27 31 10 20 41 30 36 19 23 22 35 51 31 48 13 23 15 25 59 36 10 49 53 16 28 43 53 12 50 11 23 51 41 36 48 18 39 30 15 41 22 50 24 55 57 11 21 11 18 47 31 38 19 19 47 26 28 54 26 58 16 50 38 14 18 24 50 13 10 37 35 21 12 48 10 12 50 29 38 30 11 31 15 54 32 56 15 19 
48 19 46 20 49 40 22 16 41 29 46 48 27 40 46 32 39 23 33 34 16 46 58 28 59 46 36 41 13 37 53 11 54 29 51 17 10 15 55 32 57 32 21 50 59 42 41 26 22 19 29 46 33 39 17 29 54 37 29 38 52 57 35 32 52 14 11 31 15 13 28 46 23 17 35 15 41 16 43 50 53 57 26 30 38 49 41 35 38 17 43 43 18 17 33 28 28 15 11 30 12 45 23 35 54 36 23 23 21 13 53 24 25 44 47 20 35 39 16 49 47 12 22 45 34 12 46 17 54 21 34 40 15 27 10 23 50 40 43 53 
54 37 15 32 16 40 35 11 12 54 15 52 52 17 34 32 56 39 42 58 50 23 14 42 53 27 58 35 24 14 46 15 22 29 39 21 33 43 32 31 17 50 30 49 28 23 17 51 21 59 16 42 11 22 47 25 32 25 51 30 44 37 53 50 55 19 33 19 22 29 20 33 55 34 34 22 27 50 47 36 52 34 56 31 53 59 19 50 56 29 27 32 41 44 46 31 25 34 58 15 41 12 36 33 38 11 41 51 14 43 52 44 30 15 22 21 10 50 45 33 12 11 19 33 27 55 22 38 43 25 37 42 45 59 32 30 54 57 33 42 
18 32 51 58 26 47 44 12 54 35 13 33 22 53 18 52 26 17 59 35 25 50 30 36 28 25 16 22 49 37 49 22 45 56 52 50 47 38 21 41 20 45 57 59 52 53 40 14 19 55 46 20 20 23 18 48 38 47 37 45 15 49 41 44 50 44 11 55 41 38 41 29 48 21 24 37 35 46 11 30 47 41 25 29 45 29 56 24 45 46 52 19 46 27 35 57 29 17 54 15 20 33 15 44 35 11 18 34 55 41 15 54 33 19 40 55 40 42 31 41 28 52 37 10 55 48 59 34 15 42 12 24 43 46 14 13 51 58 47 57 
49 10 47 40 11 50 58 35 31 15 39 15 18 32 23 52 54 20 35 15 41 59 20 45 59 10 29 15 17 26 37 51 15 49 41 17 20 11 47 40 54 29 19 10 10 34 38 33 48 12 26 15 17 13 26 34 15 42 34 22 47 13 11 21 39 53 47 28 12 14 16 35 47 51 53 20 37 46 17 41 33 59 58 43 13 51 14 30 28 42 24 11 46 48 20 54 23 39 33 29 16 32 20 45 51 11 29 10 46 12 21 27 22 27 41 30 16 34 37 57 14 40 49 33 33 37 50 20 44 53 37 49 25 43 22 43 22 36 14 13 
54 13 14 26 17 40 10 21 35 56 17 33 39 22 24 46 11 25 35 18 54 18 44 17 34 29 31 41 10 50 40 51 53 16 14 45 55 16 31 36 28 31 55 53 21 54 48 16 14 24 27 46 13 13 14 45 51 46 32 48 44 33 52 58 31 25 45 56 10 25 11 34 43 38 51 21 53 24 30 20 56 49 40 31 16 50 32 34 12 51 50 40 38 49 24 25 57 53 10 12 15 47 27 45 14 33 43 54 35 53 38 23 50 19 47 18 48 21 16 29 15 41 58 40 52 27 28 47 29 53 20 17 34 51 15 13 23 20 49 46 
20 57 46 57 30 18 46 28 43 10 35 49 59 10 11 19 21 13 23 43 32 10 39 10 11 36 26 50 29 34 32 43 18 26 11 20 48 23 34 20 54 55 47 20 56 11 37 47 40 32 56 30 59 52 43 16 21 33 34 59 51 43 21 31 24 22 45 34 25 40 44 25 45 42 39 26 45 37 35 13 19 57 19 14 48 13 37 56 37 14 18 11 19 50 45 38 41 30 13 16 12 54 48 33 31 42 42 22 27 11 50 13 43 51 25 46 24 20 38 17 11 26 52 37 37 22 31 49 33 26 40 14 26 44 18 50 47 22 47 58 
54 40 46 38 55 11 48 32 15 34 19 40 15 26 55 38 10 23 14 28 28 57 20 51 34 55 55 14 17 16 41 13 39 28 48 36 38 32 16 12 16 57 14 17 46 33 54 49 25 58 12 11 41 33 57 33 57 37 23 25 41 58 52 48 24 10 46 30 20 29 28 54 30 50 43 54 42 43 18 23 59 35 55 53 54 35 50 24 39 47 51 35 41 27 58 19 57 36 13 50 38 25 25 50 11 18 38 38 15 57 39 21 36 37 39 43 13 27 53 27 22 10 49 53 25 54 56 46 42 32 31 26 11 48 27 37 22 50 40 28 
37 18 41 22 50 59 31 34 37 40 40 30 36 44 28 11 58 45 49 56 42 58 36 52 34 43 32 21 13 28 55 50 50 16 42 36 10 49 47 25 33 15 37 18 54 48 44 45 51 13 40 27 45 43 18 47 27 45 29 18 46 44 24 59 32 49 30 40 33 24 31 14 36 53 15 40 57 55 45 35 55 22 39 55 50 20 37 44 47 16 21 59 51 34 56 11 23 49 56 16 59 37 56 15 47 38 41 46 11 38 35 58 24 49 35 26 57 34 55 30 19 44 11 51 28 19 21 49 21 27 34 12 26 16 34 32 45 15 54 34 
57 43 50 58 38 50 33 51 26 58 28 58 18 52 52 56 24 14 54 48 36 19 53 56 55 58 36 44 56 30 37 54 16 22 47 24 40 44 43 20 42 17 53 12 29 25 58 33 13 47 32 32 54 53 12 37 55 41 30 11 37 39 16 36 54 36 52 28 31 13 44 12 50 32 42 43 54 43 30 38 46 38 48 38 22 27 51 53 29 43 29 36 19 22 12 17 58 13 24 35 36 53 54 15 44 24 47 11 42 32 37 42 58 45 11 10 34 43 59 10 55 30 45 40 14 15 59 44 30 31 34 15 22 51 10 22 30 27 50 46 
26 24 24 55 41 21 47 42 38 16 36 45 16 51 20 51 39 52 36 28 36 46 49 26 36 14 20 22 36 20 20 12 25 29 14 20 28 32 27 38 57 33 21 55 59 48 55 56 46 18 57 16 23 53 34 50 55 16 15 17 51 14 28 46 10 27 41 10 39 36 40 38 11 32 33 39 48 29 10 12 17 22 31 27 51 39 15 55 44 56 25 44 12 59 25 48 27 10 28 51 41 34 41 51 15 40 19 56 48 51 11 26 22 19 24 48 24 15 55 55 30 29 58 13 16 57 33 37 37 46 43 43 20 17 12 54 30 27 25 44 
54 19 28 39 39 58 44 40 55 50 43 41 38 57 52 57 35 43 52 29 21 54 57 52 14 45 24 52 34 18 18 46 45 44 56 32 40 36 31 13 20 23 42 25 42 38 26 44 46 23 21 59 36 39 19 13 11 19 24 51 47 22 26 57 49 16 13 34 30 15 15 57 46 34 56 41 21 50 58 47 30 29 51 34 51 38 42 45 58 34 26 42 26 18 45 31 10 39 49 52 58 50 31 39 42 33 50 14 34 26 12 39 21 36 14 33 28 36 54 31 31 27 21 53 18 11 47 44 35 27 22 10 39 36 51 13 10 53 45 37 
59 33 40 36 32 36 49 33 28 37 56 51 23 52 46 55 29 43 14 30 35 14 31 45 35 58 25 42 57 13 14 14 36 19 36 12 29 37 26 40 23 51 51 43 35 10 14 35 50 22 20 21 44 26 11 28 46 11 40 29 23 31 44 15 32 24 58 21 29 55 25 30 24 41 25 14 43 42 57 37 53 59 42 54 39 18 48 32 26 29 34 13 19 47 19 41 13 44 15 37 57 42 29 10 17 36 50 15 11 35 40 51 45 22 17 39 32 16 48 26 48 31 28 34 36 14 48 54 28 22 55 52 59 55 27 38 18 54 45 38 
33 43 22 33 31 49 23 40 16 32 23 26 34 19 18 47 56 45 23 17 11 36 34 37 41 51 27 50 33 39 49 11 23 18 41 19 48 25 18 17 28 32 37 55 57 51 34 59 32 28 30 51 36 13 27 18 54 40 41 14 39 58 58 20 32 52 12 18 55 23 44 34 26 24 21 23 44 20 50 26 25 50 25 50 49 46 17 13 58 51 21 28 20 15 23 30 10 36 29 55 39 53 37 25 24 52 38 10 49 45 24 10 12 34 19 10 44 29 41 30 36 59 16 45 17 19 16 31 50 28 36 31 29 28 10 24 44 58 24 25 
30 26 32 52 48 44 34 21 18 50 45 30 24 29 35 56 46 29 48 37 28 35 58 51 31 40 37 13 26 54 34 13 53 12 29 56 45 40 12 21 31 53 59 51 11 15 31 28 21 43 58 51 14 54 48 55 12 51 11 22 54 54 51 32 42 33 17 34 14 10 43 15 27 56 29 46 36 29 34 22 45 18 15 46 45 33 43 15 13 42 52 50 45 25 57 45 53 38 19 13 13 55 51 47 19 32 59 31 16 17 14 52 10 36 24 50 10 39 30 51 11 30 43 46 44 42 24 17 55 54 30 13 21 37 47 52 41 10 26 48 
20 55 42 25 12 47 56 54 41 37 33 48 48 43 59 51 43 15 54 31 28 50 16 23 56 48 39 52 59 29 48 40 16 45 18 32 27 11 29 21 31 34 53 44 28 11 29 56 52 20 44 13 15 21 38 52 23 27 12 25 37 58 16 35 25 37 16 57 48 17 13 21 47 39 29 28 16 16 45 15 33 50 57 22 48 27 23 37 14 56 12 36 33 33 42 48 43 52 35 44 40 47 34 13 22 31 53 50 59 58 40 33 59 17 58 47 29 49 19 14 24 55 50 25 40 50 17 46 19 30 16 33 53 22 56 56 45 36 55 45 
11 28 30 52 17 35 58 26 23 56 38 52 28 45 11 17 50 21 30 13 49 26 19 52 45 44 12 15 26 26 48 15 31 54 13 14 39 45 29 18 19 36 34 48 24 25 33 32 24 49 55 49 34 29 20 27 26 10 56 47 12 26 30 32 33 48 37 23 35 17 23 44 46 39 26 40 32 11 47 18 34 57 45 59 46 43 57 48 55 34 23 37 27 28 59 44 56 19 23 26 49 58 58 35 59 28 47 21 14 31 20 42 55 39 40 21 12 24 53 55 57 36 54 48 14 26 34 49 39 55 10 14 13 36 17 50 35 53 43 31 
49 43 27 43 29 10 38 59 53 33 39 29 48 36 32 43 47 11 34 32 20 58 53 16 29 13 55 46 27 23 44 49 22 59 21 52 37 33 29 30 47 55 49 55 23 22 31 56 52 24 32 13 33 48 39 27 52 41 24 24 35 56 48 50 34 31 22 15 36 52 42 22 42 26 26 34 11 17 29 36 41 28 10 54 32 26 15 34 44 24 56 23 43 28 56 31 58 51 21 43 56 32 52 19 37 25 29 22 35 18 29 49 59 38 44 35 14 51 25 10 30 39 13 38 59 45 34 41 24 19 37 57 12 24 50 22 30 23 23 22 
39 46 51 39 43 15 44 39 17 31 17 19 30 22 46 44 23 21 26 32 57 10 50 12 27 29 29 39 22 55 13 42 29 54 23 14 43 24 14 49 21 22 53 37 41 12 15 35 31 18 38 12 29 18 33 23 17 38 29 32 32 43 51 11 23 55 50 27 59 50 23 59 15 45 39 28 40 13 28 25 16 55 30 18 29 56 54 56 40 22 42 31 34 41 48 19 16 52 36 36 34 34 33 47 27 11 12 43 46 16 36 12 40 23 20 55 32 13 43 34 56 40 41 57 47 36 11 56 54 45 17 12 15 12 43 10 19 11 48 22 
41 33 45 55 55 16 51 34 50 37 12 53 52 15 55 10 41 15 23 17 25 33 16 24 27 25 52 12 37 17 17 10 14 44 34 58 25 24 26 39 28 17 47 11 26 11 19 16 58 41 59 31 11 46 48 24 52 36 23 45 30 49 21 44 54 59 48 27 51 35 44 41 11 37 59 48 35 34 33 45 42 48 43 35 50 24 51 50 30 13 14 50 31 47 26 43 20 35 36 29 27 55 13 37 24 34 43 53 10 33 30 27 30 42 29 20 12 21 16 44 19 23 28 55 45 16 17 10 56 17 19 21 36 39 11 45 59 29 57 31 
22 28 14 46 12 14 45 41 41 14 42 27 10 36 14 21 58 22 12 58 39 28 57 36 32 30 20 12 33 11 11 27 25 39 50 35 48 25 44 37 54 27 43 39 20 47 40 54 53 12 41 34 20 35 38 37 12 16 18 35 47 39 13 24 49 31 29 43 48 41 23 10 55 17 24 44 33 57 23 26 37 37 34 15 42 20 23 28 17 47 34 47 20 53 39 43 14 26 32 52 19 39 47 21 13 23 18 41 10 15 26 12 35 41 22 13 12 59 57 31 41 16 16 10 25 50 51 12 52 18 21 21 15 24 46 50 49 26 34 48 
14 25 10 37 44 17 56 45 40 26 41 22 46 50 12 29 45 24 42 43 44 12 28 33 14 53 14 12 37 24 18 35 40 19 10 36 53 16 28 12 38 51 17 39 48 14 12 18 38 12 31 26 16 13 18 54 40 31 27 41 22 20 31 30 13 32 11 29 17 26 18 42 32 39 17 38 12 34 53 35 13 59 32 32 50 41 58 12 15 12 26 34 41 15 30 35 50 51 46 54 53 15 38 46 38 56 20 21 59 17 40 31 21 46 22 27 12 46 51 32 58 12 48 11 16 26 21 52 27 19 49 16 43 25 56 37 48 30 28 29 
36 54 19 58 12 21 36 58 31 45 31 36 58 43 41 31 53 53 18 23 17 56 29 47 52 44 14 11 30 54 50 36 50 18 29 37 44 56 16 37 51 14 23 53 55 52 24 27 58 21 20 34 35 38 52 30 56 28 23 37 43 13 45 18 11 34 50 46 17 56 22 49 43 48 14 45 31 21 15 48 10 27 45 29 49 43 28 34 38 42 16 17 58 18 41 27 42 59 26 15 57 36 59 21 25 33 34 46 19 37 27 20 55 47 31 37 49 55 28 59 36 12 10 52 47 51 48 28 47 23 42 32 27 56 13 44 49 26 55 56 
19 17 18 12 53 16 46 13 33 38 47 51 15 38 31 24 34 27 50 54 45 35 16 21 35 26 59 23 50 53 47 11 29 53 58 22 42 11 12 42 52 11 35 22 47 22 12 35 56 13 48 16 16 51 58 17 16 13 12 26 58 14 52 47 44 12 58 18 19 49 43 52 24 47 46 37 49 59 35 21 37 16 24 29 56 53 37 22 24 21 15 49 18 59 11 48 55 52 12 48 23 49 43 39 49 28 44 10 40 34 54 10 29 30 11 53 49 42 59 54 28 26 19 52 27 16 20 38 20 53 49 10 42 57 19 16 48 12 19 16 
10 40 16 11 56 42 26 44 50 41 10 27 37 29 36 44 35 36 29 44 49 54 53 32 22 31 53 54 57 19 20 14 43 55 57 54 33 58 23 12 29 17 14 28 19 14 53 42 52 57 18 24 40 10 36 16 46 37 39 57 41 18 53 30 19 30 48 44 36 35 48 57 30 55 50 20 48 28 57 33 22 19 30 49 44 55 33 51 22 18 33 33 58 43 34 59 59 40 13 33 40 30 15 46 39 56 29 43 53 17 23 56 13 49 14 59 25 35 57 26 37 57 15 38 49 52 58 21 47 50 56 48 21 59 37 25 20 36 42 43 
37 25 15 45 58 56 38 16 48 41 12 18 16 23 12 28 34 15 36 37 10 41 50 34 19 18 28 24 55 50 11 51 51 59 47 30 23 41 57 38 19 20 23 31 54 12 34 20 20 57 33 14 55 50 39 13 56 20 11 36 58 18 10 31 38 12 14 54 25 15 45 28 40 37 27 58 49 15 25 26 23 14 29 40 31 21 54 46 33 40 40 10 41 16 42 38 33 54 23 57 20 33 47 30 32 54 29 50 59 37 22 39 51 48 36 49 40 20 39 23 23 24 35 43 48 37 36 40 31 28 49 58 52 40 29 35 13 21 16 45 
13 32 32 36 56 37 32 42 20 10 42 46 36 14 31 51 48 50 48 52 14 14 47 21 13 29 56 11 41 30 33 17 37 57 17 43 34 12 54 18 35 43 15 42 44 31 35 43 47 37 31 33 40 58 25 11 15 11 22 35 22 30 32 31 44 31 42 16 57 14 57 31 29 11 30 27 16 22 54 57 54 34 17 43 48 56 37 30 28 49 48 46 28 56 19 13 37 55 39 25 48 17 27 42 47 58 57 41 22 20 23 14 16 31 57 15 24 53 29 56 27 51 37 56 27 19 23 31 19 54 30 11 36 57 24 45 10 10 52 36 
41 14 58 31 14 48 26 39 26 10 53 48 53 32 49 23 30 59 22 45 22 20 11 51 58 26 14 56 10 13 11 36 39 39 14 47 16 55 44 10 29 27 46 12 36 33 32 41 42 14 41 58 45 30 57 34 36 26 36 54 12 34 34 53 54 16 56 59 52 25 53 33 21 29 14 28 33 51 18 36 34 45 47 37 58 11 28 51 59 45 15 45 25 26 51 19 48 19 48 27 46 28 13 48 28 21 35 49 22 38 33 29 25 27 21 49 12 36 45 48 28 31 47 37 25 56 12 28 19 39 47 35 59 59 53 13 31 44 20 45 
17 11 16 14 21 56 36 53 17 12 27 43 20 40 42 22 56 43 41 41 23 27 12 18 48 10 45 49 17 58 43 29 38 16 55 39 27 59 48 56 32 53 41 50 55 42 32 25 26 58 51 57 16 35 33 50 37 15 28 48 25 22 24 29 49 16 28 10 11 28 47 36 15 42 10 22 32 39 39 15 28 42 16 42 49 28 57 45 46 56 54 50 15 52 33 34 57 37 19 51 38 58 26 23 39 26 42 52 27 48 57 25 22 31 18 23 36 57 43 20 42 32 43 18 41 27 50 46 20 22 32 29 11 51 12 42 14 59 12 40 
50 43 50 44 20 46 43 40 22 41 19 24 42 32 52 43 50 18 46 49 21 56 28 41 29 30 52 22 31 19 13 18 19 13 52 57 49 41 51 22 27 16 53 22 35 36 51 48 27 24 15 35 56 46 20 14 56 22 20 17 10 24 20 42 42 30 43 12 10 26 49 58 41 45 41 50 14 14 23 59 15 23 28 47 31 17 32 14 51 43 33 34 17 24 58 42 16 33 28 36 15 33 31 49 38 38 54 26 21 46 12 41 41 37 47 35 20 23 18 25 59 57 28 34 36 51 47 42 32 18 29 30 23 13 33 59 54 39 44 27 
57 50 45 43 56 53 47 21 43 12 49 33 25 37 56 32 12 22 42 33 53 48 48 55 47 36 47 33 18 23 22 28 50 29 12 10 42 12 58 25 51 14 56 27 53 47 35 24 51 21 50 14 43 19 31 54 21 54 46 29 57 51 41 50 35 20 56 47 20 12 13 13 19 36 40 57 44 30 13 15 33 33 55 47 18 45 51 17 32 28 25 13 55 51 43 30 56 14 33 11 37 17 13 48 15 17 40 16 36 16 52 13 39 39 52 19 50 48 55 19 57 18 54 10 32 43 18 40 19 37 27 53 49 36 50 55 15 50 22 19 
14 30 15 39 41 32 43 22 43 18 17 19 20 36 40 28 27 42 28 29 10 42 28 27 28 57 50 53 46 18 19 59 21 29 23 47 53 39 58 40 15 30 11 18 10 57 59 33 50 18 44 25 35 13 30 14 27 49 17 45 30 35 45 14 50 38 18 53 43 54 18 57 48 26 40 34 11 49 41 46 44 14 37 44 58 31 34 50 56 26 52 21 45 57 59 23 26 52 44 32 11 43 31 16 42 10 33 36 39 11 24 48 10 33 46 22 13 10 13 31 24 19 25 29 51 51 58 26 21 57 38 27 28 48 34 50 42 51 49 43 
55 25 20 47 45 37 46 50 22 30 48 14 44 18 14 50 22 29 12 58 20 54 34 13 39 19 59 22 16 57 48 34 23 19 38 11 40 53 32 25 27 52 16 41 43 19 59 41 48 43 32 15 49 52 27 38 23 42 55 25 11 54 25 21 47 47 31 58 44 47 20 14 40 27 46 25 46 36 18 40 43 45 34 29 22 20 54 59 21 42 26 53 51 28 49 33 59 24 41 15 37 57 55 30 43 32 41 44 13 31 50 30 20 53 28 50 47 55 37 55 28 43 27 20 18 35 26 16 23 32 15 33 22 46 34 23 15 57 51 49 
41 46 49 21 25 40 59 51 43 59 32 44 40 45 32 58 32 18 14 43 55 31 38 21 17 51 38 25 13 17 25 40 35 58 44 42 38 24 19 37 22 27 47 16 19 52 48 16 49 39 55 34 51 38 14 37 25 17 38 21 12 12 57 42 28 38 16 42 32 30 16 21 32 57 25 30 23 32 13 23 18 24 24 47 28 16 26 45 55 22 43 18 22 11 11 10 29 29 20 59 45 58 10 59 15 59 28 16 40 17 37 21 55 17 29 21 31 25 46 30 10 29 34 39 48 44 46 32 20 32 26 48 18 19 53 51 22 40 48 50 
42 35 15 50 27 51 36 38 47 35 12 35 37 46 40 22 32 57 13 52 27 57 15 24 45 27 57 52 49 37 16 35 48 42 54 54 48 28 50 47 39 57 22 47 38 44 42 31 41 29 59 53 43 37 49 15 27 59 55 49 25 29 37 44 52 22 58 44 39 17 55 47 31 28 31 59 48 47 30 37 29 51 44 57 21 49 41 30 53 26 40 43 23 45 30 27 59 47 24 26 50 53 28 36 21 16 19 34 20 25 24 53 54 19 20 28 26 57 44 36 32 56 12 53 27 49 27 35 41 51 10 44 40 15 50 25 40 31 19 37 
25 56 13 35 14 42 28 49 54 10 54 51 41 37 31 28 59 25 46 47 45 20 52 26 32 50 47 53 40 55 51 29 14 46 49 47 40 55 50 52 53 52 23 49 36 28 44 17 32 35 15 19 24 35 58 57 14 20 26 31 26 30 31 22 45 15 59 38 55 49 27 15 20 54 31 23 27 30 14 10 45 33 15 37 24 34 49 49 16 10 39 33 20 59 34 45 18 46 17 26 41 19 42 22 51 43 27 20 13 15 18 37 11 43 34 42 38 41 27 38 42 44 46 11 23 21 16 31 25 39 29 55 26 12 59 35 57 11 30 28 
28 26 57 29 32 50 32 58 14 46 46 32 15 19 53 15 43 50 12 52 15 40 30 54 27 48 31 24 42 20 42 31 56 33 22 41 45 55 22 38 38 57 50 27 43 46 50 31 44 19 31 33 16 21 45 16 56 50 16 19 43 34 21 27 51 52 33 43 28 37 59 22 20 10 21 37 32 11 23 27 43 48 25 13 23 28 10 32 45 37 11 14 34 52 23 57 23 34 30 16 19 37 45 57 43 42 40 29 27 40 23 13 30 14 15 30 48 40 58 48 24 26 38 40 40 59 49 44 38 51 36 15 45 43 44 27 32 31 13 32 
53 32 43 16 49 28 30 12 34 46 19 25 17 50 59 50 17 42 11 51 29 14 26 44 19 48 13 51 27 40 57 46 30 53 20 12 39 26 10 36 26 21 24 15 51 43 32 12 40 10 56 46 15 37 58 43 43 14 41 37 23 29 47 25 42 42 34 30 36 23 20 42 13 32 33 52 28 26 53 24 59 37 56 30 43 22 23 35 28 50 54 56 21 31 32 12 19 30 33 55 46 21 28 16 25 41 17 49 52 14 41 29 11 58 55 30 32 55 52 42 26 51 31 18 43 38 53 47 39 24 14 56 16 40 45 32 44 30 58 15 
28 36 46 50 52 35 35 51 36 14 35 58 21 58 33 24 54 47 35 26 31 46 13 19 36 59 25 12 33 36 56 29 22 11 16 41 43 29 43 49 14 38 58 32 37 16 43 17 59 23 34 34 53 44 20 47 35 12 33 37 21 46 53 30 26 44 29 40 56 41 25 50 20 14 45 24 57 57 22 57 48 23 48 32 20 10 39 17 52 59 19 33 52 11 20 18 42 28 34 44 40 12 30 52 49 16 20 13 53 41 22 48 11 32 41 11 58 59 27 58 16 57 10 13 49 10 50 16 31 12 59 41 46 30 21 21 50 20 26 21 
29 56 20 38 16 59 31 55 55 27 37 30 36 54 11 31 38 46 22 46 16 34 23 58 20 15 52 13 44 21 59 54 30 36 52 24 46 52 37 23 38 22 22 27 58 37 20 55 35 31 21 19 53 59 25 17 55 49 56 51 16 16 13 46 58 42 24 19 54 23 45 33 59 50 56 37 29 49 55 41 48 56 27 37 18 36 27 10 56 28 45 16 59 49 41 24 52 47 23 38 21 26 25 19 35 40 17 11 28 15 44 30 35 55 56 54 45 18 20 30 19 27 24 53 37 22 21 34 35 46 50 44 40 16 23 46 13 43 31 53 
11 30 28 56 34 46 24 52 40 35 30 20 23 23 15 35 59 12 47 24 19 14 56 49 46 51 10 36 38 36 27 14 10 12 23 57 49 23 23 31 49 45 59 27 27 33 47 45 11 58 17 47 21 42 51 42 27 23 39 56 42 39 58 57 53 18 52 15 44 21 46 11 37 31 23 30 44 17 57 17 58 53 46 20 49 25 19 13 28 40 26 28 35 51 34 25 44 17 28 40 16 31 47 41 41 25 55 18 11 37 49 38 54 53 37 52 40 13 42 54 38 25 30 34 19 41 14 29 56 32 13 35 10 42 39 32 20 35 27 40 
36 32 27 18 14 48 13 27 21 30 48 14 18 30 54 53 55 57 14 46 30 42 27 54 11 34 27 39 28 34 30 12 44 10 24 17 51 45 13 57 25 52 13 18 12 55 11 45 53 40 26 29 50 45 31 43 46 37 34 15 50 23 15 38 51 45 11 35 24 15 51 41 20 45 22 51 55 40 41 55 14 11 50 30 16 34 10 25 39 56 55 24 41 40 46 48 35 39 54 21 49 48 37 41 10 24 55 51 52 57 53 30 40 13 40 33 39 38 31 59 45 53 14 18 40 47 25 36 28 52 46 34 20 26 59 20 33 11 25 17 
14 27 21 44 58 16 58 57 46 26 55 11 29 48 38 25 33 17 16 29 22 33 36 29 50 54 33 40 32 21 30 30 14 42 49 40 54 38 46 11 44 15 13 30 22 22 41 49 42 42 40 50 31 26 40 41 14 57 55 22 41 50 24 34 47 47 38 31 15 25 54 23 55 53 50 42 31 46 20 34 19 49 30 56 22 29 45 43 12 40 29 25 21 25 39 31 58 46 33 17 45 47 42 18 51 54 23 59 13 11 18 40 50 32 50 33 52 21 43 16 42 55 44 31 21 25 34 36 31 58 12 11 32 52 27 22 16 53 16 44 
12 27 47 33 30 41 23 56 23 50 10 20 38 33 26 42 45 57 44 52 41 41 54 30 34 37 10 18 56 18 22 44 14 34 17 36 40 40 28 59 48 32 15 42 13 36 40 45 35 48 44 49 15 32 11 46 25 29 56 24 33 29 24 29 50 19 42 37 49 23 48 21 28 15 29 51 25 59 17 36 11 45 36 57 13 40 44 54 56 28 34 22 57 14 57 54 31 58 44 24 16 44 46 58 44 53 51 58 49 53 35 57 29 35 30 27 12 12 23 47 24 14 32 13 38 55 14 22 29 57 26 16 13 11 41 36 56 45 45 52 
10 58 12 43 52 22 58 50 12 54 38 55 59 16 20 20 55 48 31 18 26 15 10 18 57 38 50 42 23 34 45 36 35 46 20 38 27 18 32 35 45 18 25 54 18 46 32 18 34 33 21 49 34 42 32 35 55 14 47 16 30 22 13 38 12 34 52 15 30 43 26 10 58 51 47 23 47 39 14 14 43 34 27 53 10 51 54 44 13 35 26 46 25 41 16 21 12 52 56 18 25 48 18 27 44 56 52 27 50 59 31 46 43 55 39 15 50 48 34 35 52 41 36 32 27 46 19 14 30 23 33 57 28 35 44 29 50 16 26 54 
25 24 30 47 57 52 20 50 37 45 12 14 46 28 21 54 38 10 26 57 24 15 43 23 40 56 12 35 39 28 21 19 11 33 29 14 50 55 45 42 52 32 59 15 15 59 27 54 23 42 53 50 37 42 27 11 42 10 32 36 13 55 42 31 45 58 10 43 18 58 55 55 52 58 35 22 32 48 17 36 49 57 49 25 11 41 41 55 51 12 58 48 58 35 45 17 37 55 21 32 48 21 19 47 54 36 14 14 42 51 56 24 38 19 31 21 27 51 50 32 34 20 39 37 39 55 50 12 53 32 53 34 29 35 15 53 38 44 14 13 
48 21 48 30 33 37 42 26 54 59 40 22 47 29 41 47 20 39 12 17 57 29 14 37 35 50 14 27 54 54 52 47 56 25 46 44 28 29 59 33 57 59 34 31 21 18 19 46 35 42 11 58 30 11 30 44 16 10 40 49 55 59 46 28 27 24 18 24 54 49 19 58 24 23 30 28 22 22 12 35 31 18 47 16 32 28 48 24 56 59 25 42 27 30 44 36 54 19 28 58 36 23 59 13 48 33 46 48 21 59 46 15 17 37 58 17 42 33 58 22 32 54 47 54 42 17 55 26 43 48 28 38 56 47 15 54 26 28 24 49 
21 19 51 22 30 26 37 36 54 59 20 32 52 41 11 48 21 25 49 40 55 13 14 36 34 57 37 34 22 57 59 41 52 18 40 20 58 16 24 59 33 21 16 29 43 44 56 13 58 48 15 28 16 50 42 59 12 45 11 16 39 59 24 20 31 15 46 58 34 51 51 12 42 14 50 22 54 21 15 28 56 16 35 43 37 31 11 52 17 54 53 56 55 37 23 18 24 38 32 42 31 16 56 54 20 40 20 12 28 21 50 45 29 56 19 39 49 13 55 22 16 26 54 42 21 58 44 15 33 30 54 15 32 19 57 24 36 33 52 14 
27 17 33 28 13 12 49 33 42 56 47 22 51 11 45 50 20 10 34 16 35 45 40 52 53 44 38 11 40 56 41 45 25 44 55 16 43 29 46 37 30 56 19 46 29 49 23 12 45 24 29 34 42 20 30 18 33 57 48 29 42 57 58 19 16 47 36 35 37 54 36 38 14 32 41 37 20 53 42 41 29 53 54 40 17 51 33 40 34 34 12 57 42 40 23 58 25 52 56 32 47 42 38 56 22 37 11 11 27 10 57 24 50 23 28 29 55 33 40 33 58 47 56 43 29 43 33 18 43 36 40 16 24 30 10 55 48 22 18 40 
14 45 42 30 34 38 35 39 29 14 56 52 20 58 45 19 37 32 58 21 16 21 17 15 38 20 13 17 13 17 51 47 44 44 15 21 34 50 11 43 45 13 37 45 39 35 28 27 22 12 48 52 50 23 26 45 22 28 27 35 34 21 35 15 33 47 27 35 16 43 34 45 58 46 49 21 38 26 54 59 40 42 53 25 30 19 52 38 14 42 41 59 58 12 23 12 16 40 58 27 52 30 40 42 58 17 28 40 10 41 43 15 49 16 53 48 46 21 59 39 25 46 50 16 54 59 50 18 25 25 36 21 36 58 37 52 57 21 15 49 
43 53 24 58 15 12 53 16 38 17 46 58 12 52 13 27 24 55 51 27 30 42 59 29 56 32 42 44 55 12 44 45 57 12 32 52 36 41 41 55 51 24 11 40 17 48 25 55 24 59 42 56 39 57 35 31 28 44 27 48 46 30 45 41 11 12 25 44 24 24 57 30 47 47 25 48 13 12 56 50 40 51 11 11 17 11 30 13 46 23 26 56 11 41 13 52 10 34 51 23 52 15 24 26 41 13 28 50 20 25 46 12 42 48 27 27 11 37 36 23 42 39 57 53 53 42 34 37 37 40 39 30 16 55 43 23 40 56 26 31 
27 16 13 24 35 36 55 59 45 31 40 39 11 26 55 52 59 27 29 56 39 38 47 38 54 18 50 52 47 18 55 59 35 49 30 32 34 12 37 46 18 41 19 48 45 16 18 46 14 13 54 44 29 51 25 42 30 38 35 53 29 17 15 13 48 43 55 51 41 36 34 28 22 18 35 34 29 31 16 14 35 32 21 38 49 59 35 13 34 36 25 44 45 21 52 31 42 34 34 27 46 54 33 32 18 28 51 36 59 45 10 51 14 37 23 23 51 41 42 59 35 17 26 15 42 37 14 13 40 17 56 13 31 22 14 18 31 28 57 15 
57 49 39 54 22 14 26 44 29 42 10 55 11 23 33 16 54 16 16 38 44 40 27 59 42 53 29 39 47 52 57 29 13 43 13 20 33 13 25 17 24 44 17 35 26 57 46 24 25 14 14 48 40 14 59 11 21 20 47 59 33 12 20 29 30 21 21 58 49 36 56 21 39 52 25 42 30 58 56 15 33 19 49 40 58 36 11 25 50 23 59 40 14 14 41 11 34 39 55 13 46 44 31 36 15 44 19 44 20 50 33 48 35 43 48 18 49 22 53 45 10 19 45 37 11 28 21 33 53 27 41 58 31 22 22 51 16 30 55 10 
56 49 42 11 22 21 35 19 18 55 38 38 53 16 53 58 47 28 53 44 45 29 36 35 11 53 20 38 37 29 25 52 52 26 54 36 34 26 14 34 28 44 36 49 30 27 46 33 11 45 20 26 52 43 36 24 21 16 49 30 11 51 24 29 18 45 32 20 42 49 53 12 12 49 33 10 40 35 52 51 38 24 14 48 59 34 47 15 20 34 48 17 41 50 44 58 21 55 25 59 37 32 40 55 46 11 40 20 36 29 36 53 44 54 55 34 14 49 17 42 48 42 55 53 37 32 18 45 55 44 24 46 37 25 48 44 36 53 16 33 
46 40 28 44 37 53 34 38 22 56 36 40 43 14 19 27 15 31 34 22 30 11 31 35 53 49 10 16 21 37 50 56 55 48 19 10 26 22 11 40 33 35 41 47 20 56 11 45 15 42 59 54 13 47 43 59 20 21 58 59 31 37 16 17 52 53 11 59 51 53 31 50 13 39 36 39 19 59 55 24 25 24 26 49 40 27 45 18 35 45 30 18 17 26 25 35 33 49 39 59 24 56 45 21 59 13 31 57 10 11 19 49 20 56 29 40 38 18 17 27 19 16 27 58 34 18 50 16 27 21 50 54 33 48 53 32 38 26 30 15 
10 31 18 43 13 17 41 23 57 51 52 26 24 29 49 53 43 33 14 48 24 48 47 28 55 53 53 26 37 19 46 55 12 58 30 51 22 16 32 58 22 45 42 52 23 10 28 23 21 15 35 18 24 21 42 49 35 12 51 19 21 13 20 28 37 50 26 33 43 45 11 38 33 58 17 27 43 52 33 43 41 20 35 34 41 21 25 53 26 13 41 12 59 28 54 23 28 58 11 21 39 36 21 13 49 41 56 51 25 23 34 58 54 59 15 20 27 16 46 14 46 25 41 22 56 15 54 26 31 46 28 39 43 42 52 32 59 56 54 19 
41 21 30 19 39 12 37 11 50 10 54 57 35 48 45 26 56 54 46 23 16 40 22 37 23 14 16 45 40 58 55 39 20 10 38 19 21 48 25 19 44 17 56 49 43 28 35 58 48 13 40 31 28 22 22 35 55 55 31 19 59 40 47 18 43 52 44 56 40 59 24 10 13 33 34 38 12 33 54 36 42 15 15 32 37 56 30 27 14 33 24 14 49 40 18 11 47 15 21 45 41 59 18 39 54 36 22 18 33 37 51 32 57 22 18 21 12 58 26 57 25 49 38 24 39 57 25 33 42 32 53 53 22 41 24 55 37 38 55 47 
14 22 25 18 14 35 19 22 48 42 34 45 28 28 59 30 55 35 25 28 39 31 26 42 49 51 31 14 52 50 19 31 50 43 43 21 49 43 33 10 12 20 49 36 52 13 54 13 27 57 23 56 44 23 32 21 29 24 13 51 16 16 19 23 24 50 59 36 40 55 54 46 48 22 30 57 58 34 16 35 12 51 26 44 12 55 28 18 48 27 54 24 43 52 16 28 50 27 12 58 36 22 51 32 46 20 57 32 34 21 27 26 26 58 13 42 15 23 20 10 21 23 30 11 28 55 59 27 44 43 18 23 12 40 25 19 24 20 39 21 
16 51 34 39 43 13 15 47 18 50 49 14 53 39 56 27 39 14 50 10 53 14 36 12 24 57 32 29 18 19 50 12 59 39 34 12 52 44 14 40 26 23 43 44 16 55 49 45 29 48 56 22 41 26 44 18 36 39 16 49 44 16 18 26 30 51 24 50 31 22 46 33 33 48 35 33 34 46 50 39 53 42 43 23 45 30 30 24 56 59 51 25 12 42 27 39 55 30 10 11 31 34 21 28 46 12 35 57 35 49 54 35 51 55 16 58 41 31 35 46 32 38 58 26 58 52 38 15 37 31 35 10 20 12 57 44 57 11 23 32 
14 26 15 21 46 35 25 41 18 13 24 36 12 56 16 16 38 27 11 51 31 17 12 35 47 30 20 47 42 39 53 20 52 54 50 26 46 53 34 54 25 53 59 51 22 21 54 46 35 42 52 30 33 25 25 23 59 58 37 51 58 40 12 45 12 25 17 57 20 42 51 50 17 18 33 28 47 53 39 48 27 41 14 45 28 36 41 52 37 31 10 30 18 19 54 27 32 48 44 53 28 52 19 30 26 10 27 31 33 29 44 52 16 31 13 31 11 12 32 43 45 34 51 36 16 27 33 23 42 26 30 42 15 20 24 26 35 28 20 49 
44 40 59 55 26 32 10 10 58 46 13 22 33 41 23 38 18 40 10 31 33 40 56 26 23 48 12 43 21 49 15 18 39 14 30 11 54 48 47 43 15 22 43 52 18 23 53 21 20 19 18 12 52 46 53 11 56 44 16 24 58 58 26 47 54 47 56 34 44 40 56 58 53 38 32 23 10 20 46 43 13 21 34 19 47 35 45 14 14 31 55 16 30 56 32 12 55 51 43 52 13 19 22 27 28 43 17 49 12 19 16 58 14 24 24 40 28 53 35 23 42 11 33 57 12 15 35 57 44 57 29 37 47 53 12 10 10 39 52 39 
30 50 37 57 54 21 43 52 47 39 27 25 32 46 14 21 59 11 40 14 36 42 15 42 59 24 19 19 20 34 52 24 43 41 43 57 38 17 50 45 30 17 41 44 48 50 44 28 57 55 41 29 41 57 12 48 54 16 11 27 34 24 57 43 39 39 51 19 10 47 35 44 32 14 48 41 56 46 50 15 44 48 25 58 17 27 49 27 12 50 52 12 45 24 57 50 10 38 42 18 31 50 59 12 45 22 23 30 19 31 42 18 33 41 29 16 27 53 44 16 30 40 28 42 39 21 26 26 11 28 56 27 21 10 55 47 24 41 49 50 
