4 13 14 4 6 5 8 7 7 11 10 4 14 11 15 6 11 8 15 13 10 7 9 9 8 8 8 10 5 5 6 14 3 15 5 7 8 11 10 13 
4 13 14 4 6 5 8 7 7 11 10 4 14 11 15 6 11 8 15 13 10 7 9 9 8 8 8 10 5 5 6 14 3 15 5 7 8 11 10 13 
4 13 14 4 6 5 8 7 7 11 10 4 14 11 15 6 11 8 15 13 10 7 9 9 8 8 8 10 5 5 6 14 3 15 5 7 8 11 10 13 
4 13 14 4 6 5 8 7 7 11 10 4 14 11 15 6 11 8 15 13 10 7 9 9 8 8 8 10 5 5 6 14 3 15 5 7 8 11 10 13 
4 13 14 4 6 5 8 7 7 11 10 4 14 11 15 6 11 8 15 13 10 7 9 9 8 8 8 10 5 5 6 14 3 15 5 7 8 11 10 13 
4 13 14 4 6 5 8 7 7 11 10 4 14 11 15 6 11 8 15 13 10 7 9 9 8 8 8 10 5 5 6 14 3 15 5 7 8 11 10 13 
4 13 14 4 6 5 8 7 7 11 10 4 14 11 15 6 11 8 15 13 10 7 9 9 8 8 8 10 5 5 6 14 3 15 5 7 8 11 10 13 
4 13 14 4 6 5 8 7 7 11 10 4 14 11 15 6 11 8 15 13 10 7 9 9 8 8 8 10 5 5 6 14 3 15 5 7 8 11 10 13 
4 13 14 4 6 5 8 7 7 11 10 4 14 11 15 6 11 8 15 13 10 7 9 9 8 8 8 10 5 5 6 14 3 15 5 7 8 11 10 13 
4 13 14 4 6 5 8 7 7 11 10 4 14 11 15 6 11 8 15 13 10 7 9 9 8 8 8 10 5 5 6 14 3 15 5 7 8 11 10 13 
4 13 14 4 6 5 8 7 7 11 10 4 14 11 15 6 11 8 15 13 10 7 9 9 8 8 8 10 5 5 6 14 3 15 5 7 8 11 10 13 
4 13 14 4 6 5 8 7 7 11 10 4 14 11 15 6 11 8 15 13 10 7 9 9 8 8 8 10 5 5 6 14 3 15 5 7 8 11 10 13 
4 13 14 4 6 5 8 7 7 11 10 4 14 11 15 6 11 8 15 13 10 7 9 9 8 8 8 10 5 5 6 14 3 15 5 7 8 11 10 13 
4 13 14 4 6 5 8 7 7 11 10 4 14 11 15 6 11 8 15 13 10 7 9 9 8 8 8 10 5 5 6 14 3 15 5 7 8 11 10 13 
4 13 14 4 6 5 8 7 7 11 10 4 14 11 15 6 11 8 15 13 10 7 9 9 8 8 8 10 5 5 6 14 3 15 5 7 8 11 10 13 
4 13 14 4 6 5 8 7 7 11 10 4 14 11 15 6 11 8 15 13 10 7 9 9 8 8 8 10 5 5 6 14 3 15 5 7 8 11 10 13 
4 13 14 4 6 5 8 7 7 11 10 4 14 11 15 6 11 8 15 13 10 7 9 9 8 8 8 10 5 5 6 14 3 15 5 7 8 11 10 13 
4 13 14 4 6 5 8 7 7 11 10 4 14 11 15 6 11 8 15 13 10 7 9 9 8 8 8 10 5 5 6 14 3 15 5 7 8 11 10 13 
4 13 14 4 6 5 8 7 7 11 10 4 14 11 15 6 11 8 15 13 10 7 9 9 8 8 8 10 5 5 6 14 3 15 5 7 8 11 10 13 
4 13 14 4 6 5 8 7 7 11 10 4 14 11 15 6 11 8 15 13 10 7 9 9 8 8 8 10 5 5 6 14 3 15 5 7 8 11 10 13 
