7 14 2 7 16 12 6 8 3 15 13 4 5 7 3 12 11 10 13 5 8 6 9 14 5 4 12 6 13 12 12 12 9 14 8 5 13 8 7 6 12 11 13 10 8 9 11 8 10 8 11 3 5 11 15 9 5 13 8 12 10 14 8 11 9 8 13 5 4 6 6 9 12 11 10 10 8 11 6 9 9 10 2 6 6 12 10 11 11 16 6 10 14 7 8 8 12 10 9 12 
7 14 2 7 16 12 6 8 3 15 13 4 5 7 3 12 11 10 13 5 8 6 9 14 5 4 12 6 13 12 12 12 9 14 8 5 13 8 7 6 12 11 13 10 8 9 11 8 10 8 11 3 5 11 15 9 5 13 8 12 10 14 8 11 9 8 13 5 4 6 6 9 12 11 10 10 8 11 6 9 9 10 2 6 6 12 10 11 11 16 6 10 14 7 8 8 12 10 9 12 
7 14 2 7 16 12 6 8 3 15 13 4 5 7 3 12 11 10 13 5 8 6 9 14 5 4 12 6 13 12 12 12 9 14 8 5 13 8 7 6 12 11 13 10 8 9 11 8 10 8 11 3 5 11 15 9 5 13 8 12 10 14 8 11 9 8 13 5 4 6 6 9 12 11 10 10 8 11 6 9 9 10 2 6 6 12 10 11 11 16 6 10 14 7 8 8 12 10 9 12 
7 14 2 7 16 12 6 8 3 15 13 4 5 7 3 12 11 10 13 5 8 6 9 14 5 4 12 6 13 12 12 12 9 14 8 5 13 8 7 6 12 11 13 10 8 9 11 8 10 8 11 3 5 11 15 9 5 13 8 12 10 14 8 11 9 8 13 5 4 6 6 9 12 11 10 10 8 11 6 9 9 10 2 6 6 12 10 11 11 16 6 10 14 7 8 8 12 10 9 12 
7 14 2 7 16 12 6 8 3 15 13 4 5 7 3 12 11 10 13 5 8 6 9 14 5 4 12 6 13 12 12 12 9 14 8 5 13 8 7 6 12 11 13 10 8 9 11 8 10 8 11 3 5 11 15 9 5 13 8 12 10 14 8 11 9 8 13 5 4 6 6 9 12 11 10 10 8 11 6 9 9 10 2 6 6 12 10 11 11 16 6 10 14 7 8 8 12 10 9 12 
7 14 2 7 16 12 6 8 3 15 13 4 5 7 3 12 11 10 13 5 8 6 9 14 5 4 12 6 13 12 12 12 9 14 8 5 13 8 7 6 12 11 13 10 8 9 11 8 10 8 11 3 5 11 15 9 5 13 8 12 10 14 8 11 9 8 13 5 4 6 6 9 12 11 10 10 8 11 6 9 9 10 2 6 6 12 10 11 11 16 6 10 14 7 8 8 12 10 9 12 
7 14 2 7 16 12 6 8 3 15 13 4 5 7 3 12 11 10 13 5 8 6 9 14 5 4 12 6 13 12 12 12 9 14 8 5 13 8 7 6 12 11 13 10 8 9 11 8 10 8 11 3 5 11 15 9 5 13 8 12 10 14 8 11 9 8 13 5 4 6 6 9 12 11 10 10 8 11 6 9 9 10 2 6 6 12 10 11 11 16 6 10 14 7 8 8 12 10 9 12 
7 14 2 7 16 12 6 8 3 15 13 4 5 7 3 12 11 10 13 5 8 6 9 14 5 4 12 6 13 12 12 12 9 14 8 5 13 8 7 6 12 11 13 10 8 9 11 8 10 8 11 3 5 11 15 9 5 13 8 12 10 14 8 11 9 8 13 5 4 6 6 9 12 11 10 10 8 11 6 9 9 10 2 6 6 12 10 11 11 16 6 10 14 7 8 8 12 10 9 12 
7 14 2 7 16 12 6 8 3 15 13 4 5 7 3 12 11 10 13 5 8 6 9 14 5 4 12 6 13 12 12 12 9 14 8 5 13 8 7 6 12 11 13 10 8 9 11 8 10 8 11 3 5 11 15 9 5 13 8 12 10 14 8 11 9 8 13 5 4 6 6 9 12 11 10 10 8 11 6 9 9 10 2 6 6 12 10 11 11 16 6 10 14 7 8 8 12 10 9 12 
7 14 2 7 16 12 6 8 3 15 13 4 5 7 3 12 11 10 13 5 8 6 9 14 5 4 12 6 13 12 12 12 9 14 8 5 13 8 7 6 12 11 13 10 8 9 11 8 10 8 11 3 5 11 15 9 5 13 8 12 10 14 8 11 9 8 13 5 4 6 6 9 12 11 10 10 8 11 6 9 9 10 2 6 6 12 10 11 11 16 6 10 14 7 8 8 12 10 9 12 
7 14 2 7 16 12 6 8 3 15 13 4 5 7 3 12 11 10 13 5 8 6 9 14 5 4 12 6 13 12 12 12 9 14 8 5 13 8 7 6 12 11 13 10 8 9 11 8 10 8 11 3 5 11 15 9 5 13 8 12 10 14 8 11 9 8 13 5 4 6 6 9 12 11 10 10 8 11 6 9 9 10 2 6 6 12 10 11 11 16 6 10 14 7 8 8 12 10 9 12 
7 14 2 7 16 12 6 8 3 15 13 4 5 7 3 12 11 10 13 5 8 6 9 14 5 4 12 6 13 12 12 12 9 14 8 5 13 8 7 6 12 11 13 10 8 9 11 8 10 8 11 3 5 11 15 9 5 13 8 12 10 14 8 11 9 8 13 5 4 6 6 9 12 11 10 10 8 11 6 9 9 10 2 6 6 12 10 11 11 16 6 10 14 7 8 8 12 10 9 12 
7 14 2 7 16 12 6 8 3 15 13 4 5 7 3 12 11 10 13 5 8 6 9 14 5 4 12 6 13 12 12 12 9 14 8 5 13 8 7 6 12 11 13 10 8 9 11 8 10 8 11 3 5 11 15 9 5 13 8 12 10 14 8 11 9 8 13 5 4 6 6 9 12 11 10 10 8 11 6 9 9 10 2 6 6 12 10 11 11 16 6 10 14 7 8 8 12 10 9 12 
7 14 2 7 16 12 6 8 3 15 13 4 5 7 3 12 11 10 13 5 8 6 9 14 5 4 12 6 13 12 12 12 9 14 8 5 13 8 7 6 12 11 13 10 8 9 11 8 10 8 11 3 5 11 15 9 5 13 8 12 10 14 8 11 9 8 13 5 4 6 6 9 12 11 10 10 8 11 6 9 9 10 2 6 6 12 10 11 11 16 6 10 14 7 8 8 12 10 9 12 
7 14 2 7 16 12 6 8 3 15 13 4 5 7 3 12 11 10 13 5 8 6 9 14 5 4 12 6 13 12 12 12 9 14 8 5 13 8 7 6 12 11 13 10 8 9 11 8 10 8 11 3 5 11 15 9 5 13 8 12 10 14 8 11 9 8 13 5 4 6 6 9 12 11 10 10 8 11 6 9 9 10 2 6 6 12 10 11 11 16 6 10 14 7 8 8 12 10 9 12 
7 14 2 7 16 12 6 8 3 15 13 4 5 7 3 12 11 10 13 5 8 6 9 14 5 4 12 6 13 12 12 12 9 14 8 5 13 8 7 6 12 11 13 10 8 9 11 8 10 8 11 3 5 11 15 9 5 13 8 12 10 14 8 11 9 8 13 5 4 6 6 9 12 11 10 10 8 11 6 9 9 10 2 6 6 12 10 11 11 16 6 10 14 7 8 8 12 10 9 12 
7 14 2 7 16 12 6 8 3 15 13 4 5 7 3 12 11 10 13 5 8 6 9 14 5 4 12 6 13 12 12 12 9 14 8 5 13 8 7 6 12 11 13 10 8 9 11 8 10 8 11 3 5 11 15 9 5 13 8 12 10 14 8 11 9 8 13 5 4 6 6 9 12 11 10 10 8 11 6 9 9 10 2 6 6 12 10 11 11 16 6 10 14 7 8 8 12 10 9 12 
7 14 2 7 16 12 6 8 3 15 13 4 5 7 3 12 11 10 13 5 8 6 9 14 5 4 12 6 13 12 12 12 9 14 8 5 13 8 7 6 12 11 13 10 8 9 11 8 10 8 11 3 5 11 15 9 5 13 8 12 10 14 8 11 9 8 13 5 4 6 6 9 12 11 10 10 8 11 6 9 9 10 2 6 6 12 10 11 11 16 6 10 14 7 8 8 12 10 9 12 
7 14 2 7 16 12 6 8 3 15 13 4 5 7 3 12 11 10 13 5 8 6 9 14 5 4 12 6 13 12 12 12 9 14 8 5 13 8 7 6 12 11 13 10 8 9 11 8 10 8 11 3 5 11 15 9 5 13 8 12 10 14 8 11 9 8 13 5 4 6 6 9 12 11 10 10 8 11 6 9 9 10 2 6 6 12 10 11 11 16 6 10 14 7 8 8 12 10 9 12 
7 14 2 7 16 12 6 8 3 15 13 4 5 7 3 12 11 10 13 5 8 6 9 14 5 4 12 6 13 12 12 12 9 14 8 5 13 8 7 6 12 11 13 10 8 9 11 8 10 8 11 3 5 11 15 9 5 13 8 12 10 14 8 11 9 8 13 5 4 6 6 9 12 11 10 10 8 11 6 9 9 10 2 6 6 12 10 11 11 16 6 10 14 7 8 8 12 10 9 12 
7 14 2 7 16 12 6 8 3 15 13 4 5 7 3 12 11 10 13 5 8 6 9 14 5 4 12 6 13 12 12 12 9 14 8 5 13 8 7 6 12 11 13 10 8 9 11 8 10 8 11 3 5 11 15 9 5 13 8 12 10 14 8 11 9 8 13 5 4 6 6 9 12 11 10 10 8 11 6 9 9 10 2 6 6 12 10 11 11 16 6 10 14 7 8 8 12 10 9 12 
7 14 2 7 16 12 6 8 3 15 13 4 5 7 3 12 11 10 13 5 8 6 9 14 5 4 12 6 13 12 12 12 9 14 8 5 13 8 7 6 12 11 13 10 8 9 11 8 10 8 11 3 5 11 15 9 5 13 8 12 10 14 8 11 9 8 13 5 4 6 6 9 12 11 10 10 8 11 6 9 9 10 2 6 6 12 10 11 11 16 6 10 14 7 8 8 12 10 9 12 
7 14 2 7 16 12 6 8 3 15 13 4 5 7 3 12 11 10 13 5 8 6 9 14 5 4 12 6 13 12 12 12 9 14 8 5 13 8 7 6 12 11 13 10 8 9 11 8 10 8 11 3 5 11 15 9 5 13 8 12 10 14 8 11 9 8 13 5 4 6 6 9 12 11 10 10 8 11 6 9 9 10 2 6 6 12 10 11 11 16 6 10 14 7 8 8 12 10 9 12 
7 14 2 7 16 12 6 8 3 15 13 4 5 7 3 12 11 10 13 5 8 6 9 14 5 4 12 6 13 12 12 12 9 14 8 5 13 8 7 6 12 11 13 10 8 9 11 8 10 8 11 3 5 11 15 9 5 13 8 12 10 14 8 11 9 8 13 5 4 6 6 9 12 11 10 10 8 11 6 9 9 10 2 6 6 12 10 11 11 16 6 10 14 7 8 8 12 10 9 12 
7 14 2 7 16 12 6 8 3 15 13 4 5 7 3 12 11 10 13 5 8 6 9 14 5 4 12 6 13 12 12 12 9 14 8 5 13 8 7 6 12 11 13 10 8 9 11 8 10 8 11 3 5 11 15 9 5 13 8 12 10 14 8 11 9 8 13 5 4 6 6 9 12 11 10 10 8 11 6 9 9 10 2 6 6 12 10 11 11 16 6 10 14 7 8 8 12 10 9 12 
7 14 2 7 16 12 6 8 3 15 13 4 5 7 3 12 11 10 13 5 8 6 9 14 5 4 12 6 13 12 12 12 9 14 8 5 13 8 7 6 12 11 13 10 8 9 11 8 10 8 11 3 5 11 15 9 5 13 8 12 10 14 8 11 9 8 13 5 4 6 6 9 12 11 10 10 8 11 6 9 9 10 2 6 6 12 10 11 11 16 6 10 14 7 8 8 12 10 9 12 
7 14 2 7 16 12 6 8 3 15 13 4 5 7 3 12 11 10 13 5 8 6 9 14 5 4 12 6 13 12 12 12 9 14 8 5 13 8 7 6 12 11 13 10 8 9 11 8 10 8 11 3 5 11 15 9 5 13 8 12 10 14 8 11 9 8 13 5 4 6 6 9 12 11 10 10 8 11 6 9 9 10 2 6 6 12 10 11 11 16 6 10 14 7 8 8 12 10 9 12 
7 14 2 7 16 12 6 8 3 15 13 4 5 7 3 12 11 10 13 5 8 6 9 14 5 4 12 6 13 12 12 12 9 14 8 5 13 8 7 6 12 11 13 10 8 9 11 8 10 8 11 3 5 11 15 9 5 13 8 12 10 14 8 11 9 8 13 5 4 6 6 9 12 11 10 10 8 11 6 9 9 10 2 6 6 12 10 11 11 16 6 10 14 7 8 8 12 10 9 12 
7 14 2 7 16 12 6 8 3 15 13 4 5 7 3 12 11 10 13 5 8 6 9 14 5 4 12 6 13 12 12 12 9 14 8 5 13 8 7 6 12 11 13 10 8 9 11 8 10 8 11 3 5 11 15 9 5 13 8 12 10 14 8 11 9 8 13 5 4 6 6 9 12 11 10 10 8 11 6 9 9 10 2 6 6 12 10 11 11 16 6 10 14 7 8 8 12 10 9 12 
7 14 2 7 16 12 6 8 3 15 13 4 5 7 3 12 11 10 13 5 8 6 9 14 5 4 12 6 13 12 12 12 9 14 8 5 13 8 7 6 12 11 13 10 8 9 11 8 10 8 11 3 5 11 15 9 5 13 8 12 10 14 8 11 9 8 13 5 4 6 6 9 12 11 10 10 8 11 6 9 9 10 2 6 6 12 10 11 11 16 6 10 14 7 8 8 12 10 9 12 
7 14 2 7 16 12 6 8 3 15 13 4 5 7 3 12 11 10 13 5 8 6 9 14 5 4 12 6 13 12 12 12 9 14 8 5 13 8 7 6 12 11 13 10 8 9 11 8 10 8 11 3 5 11 15 9 5 13 8 12 10 14 8 11 9 8 13 5 4 6 6 9 12 11 10 10 8 11 6 9 9 10 2 6 6 12 10 11 11 16 6 10 14 7 8 8 12 10 9 12 
7 14 2 7 16 12 6 8 3 15 13 4 5 7 3 12 11 10 13 5 8 6 9 14 5 4 12 6 13 12 12 12 9 14 8 5 13 8 7 6 12 11 13 10 8 9 11 8 10 8 11 3 5 11 15 9 5 13 8 12 10 14 8 11 9 8 13 5 4 6 6 9 12 11 10 10 8 11 6 9 9 10 2 6 6 12 10 11 11 16 6 10 14 7 8 8 12 10 9 12 
7 14 2 7 16 12 6 8 3 15 13 4 5 7 3 12 11 10 13 5 8 6 9 14 5 4 12 6 13 12 12 12 9 14 8 5 13 8 7 6 12 11 13 10 8 9 11 8 10 8 11 3 5 11 15 9 5 13 8 12 10 14 8 11 9 8 13 5 4 6 6 9 12 11 10 10 8 11 6 9 9 10 2 6 6 12 10 11 11 16 6 10 14 7 8 8 12 10 9 12 
7 14 2 7 16 12 6 8 3 15 13 4 5 7 3 12 11 10 13 5 8 6 9 14 5 4 12 6 13 12 12 12 9 14 8 5 13 8 7 6 12 11 13 10 8 9 11 8 10 8 11 3 5 11 15 9 5 13 8 12 10 14 8 11 9 8 13 5 4 6 6 9 12 11 10 10 8 11 6 9 9 10 2 6 6 12 10 11 11 16 6 10 14 7 8 8 12 10 9 12 
7 14 2 7 16 12 6 8 3 15 13 4 5 7 3 12 11 10 13 5 8 6 9 14 5 4 12 6 13 12 12 12 9 14 8 5 13 8 7 6 12 11 13 10 8 9 11 8 10 8 11 3 5 11 15 9 5 13 8 12 10 14 8 11 9 8 13 5 4 6 6 9 12 11 10 10 8 11 6 9 9 10 2 6 6 12 10 11 11 16 6 10 14 7 8 8 12 10 9 12 
7 14 2 7 16 12 6 8 3 15 13 4 5 7 3 12 11 10 13 5 8 6 9 14 5 4 12 6 13 12 12 12 9 14 8 5 13 8 7 6 12 11 13 10 8 9 11 8 10 8 11 3 5 11 15 9 5 13 8 12 10 14 8 11 9 8 13 5 4 6 6 9 12 11 10 10 8 11 6 9 9 10 2 6 6 12 10 11 11 16 6 10 14 7 8 8 12 10 9 12 
7 14 2 7 16 12 6 8 3 15 13 4 5 7 3 12 11 10 13 5 8 6 9 14 5 4 12 6 13 12 12 12 9 14 8 5 13 8 7 6 12 11 13 10 8 9 11 8 10 8 11 3 5 11 15 9 5 13 8 12 10 14 8 11 9 8 13 5 4 6 6 9 12 11 10 10 8 11 6 9 9 10 2 6 6 12 10 11 11 16 6 10 14 7 8 8 12 10 9 12 
7 14 2 7 16 12 6 8 3 15 13 4 5 7 3 12 11 10 13 5 8 6 9 14 5 4 12 6 13 12 12 12 9 14 8 5 13 8 7 6 12 11 13 10 8 9 11 8 10 8 11 3 5 11 15 9 5 13 8 12 10 14 8 11 9 8 13 5 4 6 6 9 12 11 10 10 8 11 6 9 9 10 2 6 6 12 10 11 11 16 6 10 14 7 8 8 12 10 9 12 
7 14 2 7 16 12 6 8 3 15 13 4 5 7 3 12 11 10 13 5 8 6 9 14 5 4 12 6 13 12 12 12 9 14 8 5 13 8 7 6 12 11 13 10 8 9 11 8 10 8 11 3 5 11 15 9 5 13 8 12 10 14 8 11 9 8 13 5 4 6 6 9 12 11 10 10 8 11 6 9 9 10 2 6 6 12 10 11 11 16 6 10 14 7 8 8 12 10 9 12 
7 14 2 7 16 12 6 8 3 15 13 4 5 7 3 12 11 10 13 5 8 6 9 14 5 4 12 6 13 12 12 12 9 14 8 5 13 8 7 6 12 11 13 10 8 9 11 8 10 8 11 3 5 11 15 9 5 13 8 12 10 14 8 11 9 8 13 5 4 6 6 9 12 11 10 10 8 11 6 9 9 10 2 6 6 12 10 11 11 16 6 10 14 7 8 8 12 10 9 12 
7 14 2 7 16 12 6 8 3 15 13 4 5 7 3 12 11 10 13 5 8 6 9 14 5 4 12 6 13 12 12 12 9 14 8 5 13 8 7 6 12 11 13 10 8 9 11 8 10 8 11 3 5 11 15 9 5 13 8 12 10 14 8 11 9 8 13 5 4 6 6 9 12 11 10 10 8 11 6 9 9 10 2 6 6 12 10 11 11 16 6 10 14 7 8 8 12 10 9 12 
7 14 2 7 16 12 6 8 3 15 13 4 5 7 3 12 11 10 13 5 8 6 9 14 5 4 12 6 13 12 12 12 9 14 8 5 13 8 7 6 12 11 13 10 8 9 11 8 10 8 11 3 5 11 15 9 5 13 8 12 10 14 8 11 9 8 13 5 4 6 6 9 12 11 10 10 8 11 6 9 9 10 2 6 6 12 10 11 11 16 6 10 14 7 8 8 12 10 9 12 
7 14 2 7 16 12 6 8 3 15 13 4 5 7 3 12 11 10 13 5 8 6 9 14 5 4 12 6 13 12 12 12 9 14 8 5 13 8 7 6 12 11 13 10 8 9 11 8 10 8 11 3 5 11 15 9 5 13 8 12 10 14 8 11 9 8 13 5 4 6 6 9 12 11 10 10 8 11 6 9 9 10 2 6 6 12 10 11 11 16 6 10 14 7 8 8 12 10 9 12 
7 14 2 7 16 12 6 8 3 15 13 4 5 7 3 12 11 10 13 5 8 6 9 14 5 4 12 6 13 12 12 12 9 14 8 5 13 8 7 6 12 11 13 10 8 9 11 8 10 8 11 3 5 11 15 9 5 13 8 12 10 14 8 11 9 8 13 5 4 6 6 9 12 11 10 10 8 11 6 9 9 10 2 6 6 12 10 11 11 16 6 10 14 7 8 8 12 10 9 12 
7 14 2 7 16 12 6 8 3 15 13 4 5 7 3 12 11 10 13 5 8 6 9 14 5 4 12 6 13 12 12 12 9 14 8 5 13 8 7 6 12 11 13 10 8 9 11 8 10 8 11 3 5 11 15 9 5 13 8 12 10 14 8 11 9 8 13 5 4 6 6 9 12 11 10 10 8 11 6 9 9 10 2 6 6 12 10 11 11 16 6 10 14 7 8 8 12 10 9 12 
7 14 2 7 16 12 6 8 3 15 13 4 5 7 3 12 11 10 13 5 8 6 9 14 5 4 12 6 13 12 12 12 9 14 8 5 13 8 7 6 12 11 13 10 8 9 11 8 10 8 11 3 5 11 15 9 5 13 8 12 10 14 8 11 9 8 13 5 4 6 6 9 12 11 10 10 8 11 6 9 9 10 2 6 6 12 10 11 11 16 6 10 14 7 8 8 12 10 9 12 
7 14 2 7 16 12 6 8 3 15 13 4 5 7 3 12 11 10 13 5 8 6 9 14 5 4 12 6 13 12 12 12 9 14 8 5 13 8 7 6 12 11 13 10 8 9 11 8 10 8 11 3 5 11 15 9 5 13 8 12 10 14 8 11 9 8 13 5 4 6 6 9 12 11 10 10 8 11 6 9 9 10 2 6 6 12 10 11 11 16 6 10 14 7 8 8 12 10 9 12 
7 14 2 7 16 12 6 8 3 15 13 4 5 7 3 12 11 10 13 5 8 6 9 14 5 4 12 6 13 12 12 12 9 14 8 5 13 8 7 6 12 11 13 10 8 9 11 8 10 8 11 3 5 11 15 9 5 13 8 12 10 14 8 11 9 8 13 5 4 6 6 9 12 11 10 10 8 11 6 9 9 10 2 6 6 12 10 11 11 16 6 10 14 7 8 8 12 10 9 12 
7 14 2 7 16 12 6 8 3 15 13 4 5 7 3 12 11 10 13 5 8 6 9 14 5 4 12 6 13 12 12 12 9 14 8 5 13 8 7 6 12 11 13 10 8 9 11 8 10 8 11 3 5 11 15 9 5 13 8 12 10 14 8 11 9 8 13 5 4 6 6 9 12 11 10 10 8 11 6 9 9 10 2 6 6 12 10 11 11 16 6 10 14 7 8 8 12 10 9 12 
7 14 2 7 16 12 6 8 3 15 13 4 5 7 3 12 11 10 13 5 8 6 9 14 5 4 12 6 13 12 12 12 9 14 8 5 13 8 7 6 12 11 13 10 8 9 11 8 10 8 11 3 5 11 15 9 5 13 8 12 10 14 8 11 9 8 13 5 4 6 6 9 12 11 10 10 8 11 6 9 9 10 2 6 6 12 10 11 11 16 6 10 14 7 8 8 12 10 9 12 
