10 13 16 6 11 7 4 8 11 15 10 15 5 7 6 13 10 7 9 13 9 9 6 5 12 7 8 13 5 14 8 9 9 9 6 12 16 16 15 13 13 5 9 3 16 7 5 15 5 6 8 8 7 4 14 14 10 14 6 10 11 8 13 15 9 3 10 9 8 15 5 7 7 9 3 3 12 10 12 8 
10 13 16 6 11 7 4 8 11 15 10 15 5 7 6 13 10 7 9 13 9 9 6 5 12 7 8 13 5 14 8 9 9 9 6 12 16 16 15 13 13 5 9 3 16 7 5 15 5 6 8 8 7 4 14 14 10 14 6 10 11 8 13 15 9 3 10 9 8 15 5 7 7 9 3 3 12 10 12 8 
10 13 16 6 11 7 4 8 11 15 10 15 5 7 6 13 10 7 9 13 9 9 6 5 12 7 8 13 5 14 8 9 9 9 6 12 16 16 15 13 13 5 9 3 16 7 5 15 5 6 8 8 7 4 14 14 10 14 6 10 11 8 13 15 9 3 10 9 8 15 5 7 7 9 3 3 12 10 12 8 
10 13 16 6 11 7 4 8 11 15 10 15 5 7 6 13 10 7 9 13 9 9 6 5 12 7 8 13 5 14 8 9 9 9 6 12 16 16 15 13 13 5 9 3 16 7 5 15 5 6 8 8 7 4 14 14 10 14 6 10 11 8 13 15 9 3 10 9 8 15 5 7 7 9 3 3 12 10 12 8 
10 13 16 6 11 7 4 8 11 15 10 15 5 7 6 13 10 7 9 13 9 9 6 5 12 7 8 13 5 14 8 9 9 9 6 12 16 16 15 13 13 5 9 3 16 7 5 15 5 6 8 8 7 4 14 14 10 14 6 10 11 8 13 15 9 3 10 9 8 15 5 7 7 9 3 3 12 10 12 8 
10 13 16 6 11 7 4 8 11 15 10 15 5 7 6 13 10 7 9 13 9 9 6 5 12 7 8 13 5 14 8 9 9 9 6 12 16 16 15 13 13 5 9 3 16 7 5 15 5 6 8 8 7 4 14 14 10 14 6 10 11 8 13 15 9 3 10 9 8 15 5 7 7 9 3 3 12 10 12 8 
10 13 16 6 11 7 4 8 11 15 10 15 5 7 6 13 10 7 9 13 9 9 6 5 12 7 8 13 5 14 8 9 9 9 6 12 16 16 15 13 13 5 9 3 16 7 5 15 5 6 8 8 7 4 14 14 10 14 6 10 11 8 13 15 9 3 10 9 8 15 5 7 7 9 3 3 12 10 12 8 
10 13 16 6 11 7 4 8 11 15 10 15 5 7 6 13 10 7 9 13 9 9 6 5 12 7 8 13 5 14 8 9 9 9 6 12 16 16 15 13 13 5 9 3 16 7 5 15 5 6 8 8 7 4 14 14 10 14 6 10 11 8 13 15 9 3 10 9 8 15 5 7 7 9 3 3 12 10 12 8 
10 13 16 6 11 7 4 8 11 15 10 15 5 7 6 13 10 7 9 13 9 9 6 5 12 7 8 13 5 14 8 9 9 9 6 12 16 16 15 13 13 5 9 3 16 7 5 15 5 6 8 8 7 4 14 14 10 14 6 10 11 8 13 15 9 3 10 9 8 15 5 7 7 9 3 3 12 10 12 8 
10 13 16 6 11 7 4 8 11 15 10 15 5 7 6 13 10 7 9 13 9 9 6 5 12 7 8 13 5 14 8 9 9 9 6 12 16 16 15 13 13 5 9 3 16 7 5 15 5 6 8 8 7 4 14 14 10 14 6 10 11 8 13 15 9 3 10 9 8 15 5 7 7 9 3 3 12 10 12 8 
10 13 16 6 11 7 4 8 11 15 10 15 5 7 6 13 10 7 9 13 9 9 6 5 12 7 8 13 5 14 8 9 9 9 6 12 16 16 15 13 13 5 9 3 16 7 5 15 5 6 8 8 7 4 14 14 10 14 6 10 11 8 13 15 9 3 10 9 8 15 5 7 7 9 3 3 12 10 12 8 
10 13 16 6 11 7 4 8 11 15 10 15 5 7 6 13 10 7 9 13 9 9 6 5 12 7 8 13 5 14 8 9 9 9 6 12 16 16 15 13 13 5 9 3 16 7 5 15 5 6 8 8 7 4 14 14 10 14 6 10 11 8 13 15 9 3 10 9 8 15 5 7 7 9 3 3 12 10 12 8 
10 13 16 6 11 7 4 8 11 15 10 15 5 7 6 13 10 7 9 13 9 9 6 5 12 7 8 13 5 14 8 9 9 9 6 12 16 16 15 13 13 5 9 3 16 7 5 15 5 6 8 8 7 4 14 14 10 14 6 10 11 8 13 15 9 3 10 9 8 15 5 7 7 9 3 3 12 10 12 8 
10 13 16 6 11 7 4 8 11 15 10 15 5 7 6 13 10 7 9 13 9 9 6 5 12 7 8 13 5 14 8 9 9 9 6 12 16 16 15 13 13 5 9 3 16 7 5 15 5 6 8 8 7 4 14 14 10 14 6 10 11 8 13 15 9 3 10 9 8 15 5 7 7 9 3 3 12 10 12 8 
10 13 16 6 11 7 4 8 11 15 10 15 5 7 6 13 10 7 9 13 9 9 6 5 12 7 8 13 5 14 8 9 9 9 6 12 16 16 15 13 13 5 9 3 16 7 5 15 5 6 8 8 7 4 14 14 10 14 6 10 11 8 13 15 9 3 10 9 8 15 5 7 7 9 3 3 12 10 12 8 
10 13 16 6 11 7 4 8 11 15 10 15 5 7 6 13 10 7 9 13 9 9 6 5 12 7 8 13 5 14 8 9 9 9 6 12 16 16 15 13 13 5 9 3 16 7 5 15 5 6 8 8 7 4 14 14 10 14 6 10 11 8 13 15 9 3 10 9 8 15 5 7 7 9 3 3 12 10 12 8 
10 13 16 6 11 7 4 8 11 15 10 15 5 7 6 13 10 7 9 13 9 9 6 5 12 7 8 13 5 14 8 9 9 9 6 12 16 16 15 13 13 5 9 3 16 7 5 15 5 6 8 8 7 4 14 14 10 14 6 10 11 8 13 15 9 3 10 9 8 15 5 7 7 9 3 3 12 10 12 8 
10 13 16 6 11 7 4 8 11 15 10 15 5 7 6 13 10 7 9 13 9 9 6 5 12 7 8 13 5 14 8 9 9 9 6 12 16 16 15 13 13 5 9 3 16 7 5 15 5 6 8 8 7 4 14 14 10 14 6 10 11 8 13 15 9 3 10 9 8 15 5 7 7 9 3 3 12 10 12 8 
10 13 16 6 11 7 4 8 11 15 10 15 5 7 6 13 10 7 9 13 9 9 6 5 12 7 8 13 5 14 8 9 9 9 6 12 16 16 15 13 13 5 9 3 16 7 5 15 5 6 8 8 7 4 14 14 10 14 6 10 11 8 13 15 9 3 10 9 8 15 5 7 7 9 3 3 12 10 12 8 
10 13 16 6 11 7 4 8 11 15 10 15 5 7 6 13 10 7 9 13 9 9 6 5 12 7 8 13 5 14 8 9 9 9 6 12 16 16 15 13 13 5 9 3 16 7 5 15 5 6 8 8 7 4 14 14 10 14 6 10 11 8 13 15 9 3 10 9 8 15 5 7 7 9 3 3 12 10 12 8 
10 13 16 6 11 7 4 8 11 15 10 15 5 7 6 13 10 7 9 13 9 9 6 5 12 7 8 13 5 14 8 9 9 9 6 12 16 16 15 13 13 5 9 3 16 7 5 15 5 6 8 8 7 4 14 14 10 14 6 10 11 8 13 15 9 3 10 9 8 15 5 7 7 9 3 3 12 10 12 8 
10 13 16 6 11 7 4 8 11 15 10 15 5 7 6 13 10 7 9 13 9 9 6 5 12 7 8 13 5 14 8 9 9 9 6 12 16 16 15 13 13 5 9 3 16 7 5 15 5 6 8 8 7 4 14 14 10 14 6 10 11 8 13 15 9 3 10 9 8 15 5 7 7 9 3 3 12 10 12 8 
10 13 16 6 11 7 4 8 11 15 10 15 5 7 6 13 10 7 9 13 9 9 6 5 12 7 8 13 5 14 8 9 9 9 6 12 16 16 15 13 13 5 9 3 16 7 5 15 5 6 8 8 7 4 14 14 10 14 6 10 11 8 13 15 9 3 10 9 8 15 5 7 7 9 3 3 12 10 12 8 
10 13 16 6 11 7 4 8 11 15 10 15 5 7 6 13 10 7 9 13 9 9 6 5 12 7 8 13 5 14 8 9 9 9 6 12 16 16 15 13 13 5 9 3 16 7 5 15 5 6 8 8 7 4 14 14 10 14 6 10 11 8 13 15 9 3 10 9 8 15 5 7 7 9 3 3 12 10 12 8 
10 13 16 6 11 7 4 8 11 15 10 15 5 7 6 13 10 7 9 13 9 9 6 5 12 7 8 13 5 14 8 9 9 9 6 12 16 16 15 13 13 5 9 3 16 7 5 15 5 6 8 8 7 4 14 14 10 14 6 10 11 8 13 15 9 3 10 9 8 15 5 7 7 9 3 3 12 10 12 8 
10 13 16 6 11 7 4 8 11 15 10 15 5 7 6 13 10 7 9 13 9 9 6 5 12 7 8 13 5 14 8 9 9 9 6 12 16 16 15 13 13 5 9 3 16 7 5 15 5 6 8 8 7 4 14 14 10 14 6 10 11 8 13 15 9 3 10 9 8 15 5 7 7 9 3 3 12 10 12 8 
10 13 16 6 11 7 4 8 11 15 10 15 5 7 6 13 10 7 9 13 9 9 6 5 12 7 8 13 5 14 8 9 9 9 6 12 16 16 15 13 13 5 9 3 16 7 5 15 5 6 8 8 7 4 14 14 10 14 6 10 11 8 13 15 9 3 10 9 8 15 5 7 7 9 3 3 12 10 12 8 
10 13 16 6 11 7 4 8 11 15 10 15 5 7 6 13 10 7 9 13 9 9 6 5 12 7 8 13 5 14 8 9 9 9 6 12 16 16 15 13 13 5 9 3 16 7 5 15 5 6 8 8 7 4 14 14 10 14 6 10 11 8 13 15 9 3 10 9 8 15 5 7 7 9 3 3 12 10 12 8 
10 13 16 6 11 7 4 8 11 15 10 15 5 7 6 13 10 7 9 13 9 9 6 5 12 7 8 13 5 14 8 9 9 9 6 12 16 16 15 13 13 5 9 3 16 7 5 15 5 6 8 8 7 4 14 14 10 14 6 10 11 8 13 15 9 3 10 9 8 15 5 7 7 9 3 3 12 10 12 8 
10 13 16 6 11 7 4 8 11 15 10 15 5 7 6 13 10 7 9 13 9 9 6 5 12 7 8 13 5 14 8 9 9 9 6 12 16 16 15 13 13 5 9 3 16 7 5 15 5 6 8 8 7 4 14 14 10 14 6 10 11 8 13 15 9 3 10 9 8 15 5 7 7 9 3 3 12 10 12 8 
10 13 16 6 11 7 4 8 11 15 10 15 5 7 6 13 10 7 9 13 9 9 6 5 12 7 8 13 5 14 8 9 9 9 6 12 16 16 15 13 13 5 9 3 16 7 5 15 5 6 8 8 7 4 14 14 10 14 6 10 11 8 13 15 9 3 10 9 8 15 5 7 7 9 3 3 12 10 12 8 
10 13 16 6 11 7 4 8 11 15 10 15 5 7 6 13 10 7 9 13 9 9 6 5 12 7 8 13 5 14 8 9 9 9 6 12 16 16 15 13 13 5 9 3 16 7 5 15 5 6 8 8 7 4 14 14 10 14 6 10 11 8 13 15 9 3 10 9 8 15 5 7 7 9 3 3 12 10 12 8 
10 13 16 6 11 7 4 8 11 15 10 15 5 7 6 13 10 7 9 13 9 9 6 5 12 7 8 13 5 14 8 9 9 9 6 12 16 16 15 13 13 5 9 3 16 7 5 15 5 6 8 8 7 4 14 14 10 14 6 10 11 8 13 15 9 3 10 9 8 15 5 7 7 9 3 3 12 10 12 8 
10 13 16 6 11 7 4 8 11 15 10 15 5 7 6 13 10 7 9 13 9 9 6 5 12 7 8 13 5 14 8 9 9 9 6 12 16 16 15 13 13 5 9 3 16 7 5 15 5 6 8 8 7 4 14 14 10 14 6 10 11 8 13 15 9 3 10 9 8 15 5 7 7 9 3 3 12 10 12 8 
10 13 16 6 11 7 4 8 11 15 10 15 5 7 6 13 10 7 9 13 9 9 6 5 12 7 8 13 5 14 8 9 9 9 6 12 16 16 15 13 13 5 9 3 16 7 5 15 5 6 8 8 7 4 14 14 10 14 6 10 11 8 13 15 9 3 10 9 8 15 5 7 7 9 3 3 12 10 12 8 
10 13 16 6 11 7 4 8 11 15 10 15 5 7 6 13 10 7 9 13 9 9 6 5 12 7 8 13 5 14 8 9 9 9 6 12 16 16 15 13 13 5 9 3 16 7 5 15 5 6 8 8 7 4 14 14 10 14 6 10 11 8 13 15 9 3 10 9 8 15 5 7 7 9 3 3 12 10 12 8 
10 13 16 6 11 7 4 8 11 15 10 15 5 7 6 13 10 7 9 13 9 9 6 5 12 7 8 13 5 14 8 9 9 9 6 12 16 16 15 13 13 5 9 3 16 7 5 15 5 6 8 8 7 4 14 14 10 14 6 10 11 8 13 15 9 3 10 9 8 15 5 7 7 9 3 3 12 10 12 8 
10 13 16 6 11 7 4 8 11 15 10 15 5 7 6 13 10 7 9 13 9 9 6 5 12 7 8 13 5 14 8 9 9 9 6 12 16 16 15 13 13 5 9 3 16 7 5 15 5 6 8 8 7 4 14 14 10 14 6 10 11 8 13 15 9 3 10 9 8 15 5 7 7 9 3 3 12 10 12 8 
10 13 16 6 11 7 4 8 11 15 10 15 5 7 6 13 10 7 9 13 9 9 6 5 12 7 8 13 5 14 8 9 9 9 6 12 16 16 15 13 13 5 9 3 16 7 5 15 5 6 8 8 7 4 14 14 10 14 6 10 11 8 13 15 9 3 10 9 8 15 5 7 7 9 3 3 12 10 12 8 
10 13 16 6 11 7 4 8 11 15 10 15 5 7 6 13 10 7 9 13 9 9 6 5 12 7 8 13 5 14 8 9 9 9 6 12 16 16 15 13 13 5 9 3 16 7 5 15 5 6 8 8 7 4 14 14 10 14 6 10 11 8 13 15 9 3 10 9 8 15 5 7 7 9 3 3 12 10 12 8 
