8 13 7 8 2 9 9 8 10 4 15 4 6 6 11 7 14 9 11 15 7 10 4 13 10 10 14 11 13 12 7 3 9 4 11 13 4 8 14 9 8 12 4 8 13 9 7 9 8 9 5 8 4 13 8 9 9 11 4 8 8 8 16 4 14 8 13 6 13 5 6 10 6 12 8 7 8 13 9 7 7 15 8 11 14 3 11 13 8 9 14 6 11 12 14 6 3 10 13 8 9 11 11 16 12 5 4 11 9 9 12 11 9 14 6 10 10 10 7 12 8 5 12 16 8 5 6 9 9 15 9 5 11 3 9 10 10 7 5 2 
8 13 7 8 2 9 9 8 10 4 15 4 6 6 11 7 14 9 11 15 7 10 4 13 10 10 14 11 13 12 7 3 9 4 11 13 4 8 14 9 8 12 4 8 13 9 7 9 8 9 5 8 4 13 8 9 9 11 4 8 8 8 16 4 14 8 13 6 13 5 6 10 6 12 8 7 8 13 9 7 7 15 8 11 14 3 11 13 8 9 14 6 11 12 14 6 3 10 13 8 9 11 11 16 12 5 4 11 9 9 12 11 9 14 6 10 10 10 7 12 8 5 12 16 8 5 6 9 9 15 9 5 11 3 9 10 10 7 5 2 
8 13 7 8 2 9 9 8 10 4 15 4 6 6 11 7 14 9 11 15 7 10 4 13 10 10 14 11 13 12 7 3 9 4 11 13 4 8 14 9 8 12 4 8 13 9 7 9 8 9 5 8 4 13 8 9 9 11 4 8 8 8 16 4 14 8 13 6 13 5 6 10 6 12 8 7 8 13 9 7 7 15 8 11 14 3 11 13 8 9 14 6 11 12 14 6 3 10 13 8 9 11 11 16 12 5 4 11 9 9 12 11 9 14 6 10 10 10 7 12 8 5 12 16 8 5 6 9 9 15 9 5 11 3 9 10 10 7 5 2 
8 13 7 8 2 9 9 8 10 4 15 4 6 6 11 7 14 9 11 15 7 10 4 13 10 10 14 11 13 12 7 3 9 4 11 13 4 8 14 9 8 12 4 8 13 9 7 9 8 9 5 8 4 13 8 9 9 11 4 8 8 8 16 4 14 8 13 6 13 5 6 10 6 12 8 7 8 13 9 7 7 15 8 11 14 3 11 13 8 9 14 6 11 12 14 6 3 10 13 8 9 11 11 16 12 5 4 11 9 9 12 11 9 14 6 10 10 10 7 12 8 5 12 16 8 5 6 9 9 15 9 5 11 3 9 10 10 7 5 2 
8 13 7 8 2 9 9 8 10 4 15 4 6 6 11 7 14 9 11 15 7 10 4 13 10 10 14 11 13 12 7 3 9 4 11 13 4 8 14 9 8 12 4 8 13 9 7 9 8 9 5 8 4 13 8 9 9 11 4 8 8 8 16 4 14 8 13 6 13 5 6 10 6 12 8 7 8 13 9 7 7 15 8 11 14 3 11 13 8 9 14 6 11 12 14 6 3 10 13 8 9 11 11 16 12 5 4 11 9 9 12 11 9 14 6 10 10 10 7 12 8 5 12 16 8 5 6 9 9 15 9 5 11 3 9 10 10 7 5 2 
8 13 7 8 2 9 9 8 10 4 15 4 6 6 11 7 14 9 11 15 7 10 4 13 10 10 14 11 13 12 7 3 9 4 11 13 4 8 14 9 8 12 4 8 13 9 7 9 8 9 5 8 4 13 8 9 9 11 4 8 8 8 16 4 14 8 13 6 13 5 6 10 6 12 8 7 8 13 9 7 7 15 8 11 14 3 11 13 8 9 14 6 11 12 14 6 3 10 13 8 9 11 11 16 12 5 4 11 9 9 12 11 9 14 6 10 10 10 7 12 8 5 12 16 8 5 6 9 9 15 9 5 11 3 9 10 10 7 5 2 
8 13 7 8 2 9 9 8 10 4 15 4 6 6 11 7 14 9 11 15 7 10 4 13 10 10 14 11 13 12 7 3 9 4 11 13 4 8 14 9 8 12 4 8 13 9 7 9 8 9 5 8 4 13 8 9 9 11 4 8 8 8 16 4 14 8 13 6 13 5 6 10 6 12 8 7 8 13 9 7 7 15 8 11 14 3 11 13 8 9 14 6 11 12 14 6 3 10 13 8 9 11 11 16 12 5 4 11 9 9 12 11 9 14 6 10 10 10 7 12 8 5 12 16 8 5 6 9 9 15 9 5 11 3 9 10 10 7 5 2 
8 13 7 8 2 9 9 8 10 4 15 4 6 6 11 7 14 9 11 15 7 10 4 13 10 10 14 11 13 12 7 3 9 4 11 13 4 8 14 9 8 12 4 8 13 9 7 9 8 9 5 8 4 13 8 9 9 11 4 8 8 8 16 4 14 8 13 6 13 5 6 10 6 12 8 7 8 13 9 7 7 15 8 11 14 3 11 13 8 9 14 6 11 12 14 6 3 10 13 8 9 11 11 16 12 5 4 11 9 9 12 11 9 14 6 10 10 10 7 12 8 5 12 16 8 5 6 9 9 15 9 5 11 3 9 10 10 7 5 2 
8 13 7 8 2 9 9 8 10 4 15 4 6 6 11 7 14 9 11 15 7 10 4 13 10 10 14 11 13 12 7 3 9 4 11 13 4 8 14 9 8 12 4 8 13 9 7 9 8 9 5 8 4 13 8 9 9 11 4 8 8 8 16 4 14 8 13 6 13 5 6 10 6 12 8 7 8 13 9 7 7 15 8 11 14 3 11 13 8 9 14 6 11 12 14 6 3 10 13 8 9 11 11 16 12 5 4 11 9 9 12 11 9 14 6 10 10 10 7 12 8 5 12 16 8 5 6 9 9 15 9 5 11 3 9 10 10 7 5 2 
8 13 7 8 2 9 9 8 10 4 15 4 6 6 11 7 14 9 11 15 7 10 4 13 10 10 14 11 13 12 7 3 9 4 11 13 4 8 14 9 8 12 4 8 13 9 7 9 8 9 5 8 4 13 8 9 9 11 4 8 8 8 16 4 14 8 13 6 13 5 6 10 6 12 8 7 8 13 9 7 7 15 8 11 14 3 11 13 8 9 14 6 11 12 14 6 3 10 13 8 9 11 11 16 12 5 4 11 9 9 12 11 9 14 6 10 10 10 7 12 8 5 12 16 8 5 6 9 9 15 9 5 11 3 9 10 10 7 5 2 
8 13 7 8 2 9 9 8 10 4 15 4 6 6 11 7 14 9 11 15 7 10 4 13 10 10 14 11 13 12 7 3 9 4 11 13 4 8 14 9 8 12 4 8 13 9 7 9 8 9 5 8 4 13 8 9 9 11 4 8 8 8 16 4 14 8 13 6 13 5 6 10 6 12 8 7 8 13 9 7 7 15 8 11 14 3 11 13 8 9 14 6 11 12 14 6 3 10 13 8 9 11 11 16 12 5 4 11 9 9 12 11 9 14 6 10 10 10 7 12 8 5 12 16 8 5 6 9 9 15 9 5 11 3 9 10 10 7 5 2 
8 13 7 8 2 9 9 8 10 4 15 4 6 6 11 7 14 9 11 15 7 10 4 13 10 10 14 11 13 12 7 3 9 4 11 13 4 8 14 9 8 12 4 8 13 9 7 9 8 9 5 8 4 13 8 9 9 11 4 8 8 8 16 4 14 8 13 6 13 5 6 10 6 12 8 7 8 13 9 7 7 15 8 11 14 3 11 13 8 9 14 6 11 12 14 6 3 10 13 8 9 11 11 16 12 5 4 11 9 9 12 11 9 14 6 10 10 10 7 12 8 5 12 16 8 5 6 9 9 15 9 5 11 3 9 10 10 7 5 2 
8 13 7 8 2 9 9 8 10 4 15 4 6 6 11 7 14 9 11 15 7 10 4 13 10 10 14 11 13 12 7 3 9 4 11 13 4 8 14 9 8 12 4 8 13 9 7 9 8 9 5 8 4 13 8 9 9 11 4 8 8 8 16 4 14 8 13 6 13 5 6 10 6 12 8 7 8 13 9 7 7 15 8 11 14 3 11 13 8 9 14 6 11 12 14 6 3 10 13 8 9 11 11 16 12 5 4 11 9 9 12 11 9 14 6 10 10 10 7 12 8 5 12 16 8 5 6 9 9 15 9 5 11 3 9 10 10 7 5 2 
8 13 7 8 2 9 9 8 10 4 15 4 6 6 11 7 14 9 11 15 7 10 4 13 10 10 14 11 13 12 7 3 9 4 11 13 4 8 14 9 8 12 4 8 13 9 7 9 8 9 5 8 4 13 8 9 9 11 4 8 8 8 16 4 14 8 13 6 13 5 6 10 6 12 8 7 8 13 9 7 7 15 8 11 14 3 11 13 8 9 14 6 11 12 14 6 3 10 13 8 9 11 11 16 12 5 4 11 9 9 12 11 9 14 6 10 10 10 7 12 8 5 12 16 8 5 6 9 9 15 9 5 11 3 9 10 10 7 5 2 
8 13 7 8 2 9 9 8 10 4 15 4 6 6 11 7 14 9 11 15 7 10 4 13 10 10 14 11 13 12 7 3 9 4 11 13 4 8 14 9 8 12 4 8 13 9 7 9 8 9 5 8 4 13 8 9 9 11 4 8 8 8 16 4 14 8 13 6 13 5 6 10 6 12 8 7 8 13 9 7 7 15 8 11 14 3 11 13 8 9 14 6 11 12 14 6 3 10 13 8 9 11 11 16 12 5 4 11 9 9 12 11 9 14 6 10 10 10 7 12 8 5 12 16 8 5 6 9 9 15 9 5 11 3 9 10 10 7 5 2 
8 13 7 8 2 9 9 8 10 4 15 4 6 6 11 7 14 9 11 15 7 10 4 13 10 10 14 11 13 12 7 3 9 4 11 13 4 8 14 9 8 12 4 8 13 9 7 9 8 9 5 8 4 13 8 9 9 11 4 8 8 8 16 4 14 8 13 6 13 5 6 10 6 12 8 7 8 13 9 7 7 15 8 11 14 3 11 13 8 9 14 6 11 12 14 6 3 10 13 8 9 11 11 16 12 5 4 11 9 9 12 11 9 14 6 10 10 10 7 12 8 5 12 16 8 5 6 9 9 15 9 5 11 3 9 10 10 7 5 2 
8 13 7 8 2 9 9 8 10 4 15 4 6 6 11 7 14 9 11 15 7 10 4 13 10 10 14 11 13 12 7 3 9 4 11 13 4 8 14 9 8 12 4 8 13 9 7 9 8 9 5 8 4 13 8 9 9 11 4 8 8 8 16 4 14 8 13 6 13 5 6 10 6 12 8 7 8 13 9 7 7 15 8 11 14 3 11 13 8 9 14 6 11 12 14 6 3 10 13 8 9 11 11 16 12 5 4 11 9 9 12 11 9 14 6 10 10 10 7 12 8 5 12 16 8 5 6 9 9 15 9 5 11 3 9 10 10 7 5 2 
8 13 7 8 2 9 9 8 10 4 15 4 6 6 11 7 14 9 11 15 7 10 4 13 10 10 14 11 13 12 7 3 9 4 11 13 4 8 14 9 8 12 4 8 13 9 7 9 8 9 5 8 4 13 8 9 9 11 4 8 8 8 16 4 14 8 13 6 13 5 6 10 6 12 8 7 8 13 9 7 7 15 8 11 14 3 11 13 8 9 14 6 11 12 14 6 3 10 13 8 9 11 11 16 12 5 4 11 9 9 12 11 9 14 6 10 10 10 7 12 8 5 12 16 8 5 6 9 9 15 9 5 11 3 9 10 10 7 5 2 
8 13 7 8 2 9 9 8 10 4 15 4 6 6 11 7 14 9 11 15 7 10 4 13 10 10 14 11 13 12 7 3 9 4 11 13 4 8 14 9 8 12 4 8 13 9 7 9 8 9 5 8 4 13 8 9 9 11 4 8 8 8 16 4 14 8 13 6 13 5 6 10 6 12 8 7 8 13 9 7 7 15 8 11 14 3 11 13 8 9 14 6 11 12 14 6 3 10 13 8 9 11 11 16 12 5 4 11 9 9 12 11 9 14 6 10 10 10 7 12 8 5 12 16 8 5 6 9 9 15 9 5 11 3 9 10 10 7 5 2 
8 13 7 8 2 9 9 8 10 4 15 4 6 6 11 7 14 9 11 15 7 10 4 13 10 10 14 11 13 12 7 3 9 4 11 13 4 8 14 9 8 12 4 8 13 9 7 9 8 9 5 8 4 13 8 9 9 11 4 8 8 8 16 4 14 8 13 6 13 5 6 10 6 12 8 7 8 13 9 7 7 15 8 11 14 3 11 13 8 9 14 6 11 12 14 6 3 10 13 8 9 11 11 16 12 5 4 11 9 9 12 11 9 14 6 10 10 10 7 12 8 5 12 16 8 5 6 9 9 15 9 5 11 3 9 10 10 7 5 2 
8 13 7 8 2 9 9 8 10 4 15 4 6 6 11 7 14 9 11 15 7 10 4 13 10 10 14 11 13 12 7 3 9 4 11 13 4 8 14 9 8 12 4 8 13 9 7 9 8 9 5 8 4 13 8 9 9 11 4 8 8 8 16 4 14 8 13 6 13 5 6 10 6 12 8 7 8 13 9 7 7 15 8 11 14 3 11 13 8 9 14 6 11 12 14 6 3 10 13 8 9 11 11 16 12 5 4 11 9 9 12 11 9 14 6 10 10 10 7 12 8 5 12 16 8 5 6 9 9 15 9 5 11 3 9 10 10 7 5 2 
8 13 7 8 2 9 9 8 10 4 15 4 6 6 11 7 14 9 11 15 7 10 4 13 10 10 14 11 13 12 7 3 9 4 11 13 4 8 14 9 8 12 4 8 13 9 7 9 8 9 5 8 4 13 8 9 9 11 4 8 8 8 16 4 14 8 13 6 13 5 6 10 6 12 8 7 8 13 9 7 7 15 8 11 14 3 11 13 8 9 14 6 11 12 14 6 3 10 13 8 9 11 11 16 12 5 4 11 9 9 12 11 9 14 6 10 10 10 7 12 8 5 12 16 8 5 6 9 9 15 9 5 11 3 9 10 10 7 5 2 
8 13 7 8 2 9 9 8 10 4 15 4 6 6 11 7 14 9 11 15 7 10 4 13 10 10 14 11 13 12 7 3 9 4 11 13 4 8 14 9 8 12 4 8 13 9 7 9 8 9 5 8 4 13 8 9 9 11 4 8 8 8 16 4 14 8 13 6 13 5 6 10 6 12 8 7 8 13 9 7 7 15 8 11 14 3 11 13 8 9 14 6 11 12 14 6 3 10 13 8 9 11 11 16 12 5 4 11 9 9 12 11 9 14 6 10 10 10 7 12 8 5 12 16 8 5 6 9 9 15 9 5 11 3 9 10 10 7 5 2 
8 13 7 8 2 9 9 8 10 4 15 4 6 6 11 7 14 9 11 15 7 10 4 13 10 10 14 11 13 12 7 3 9 4 11 13 4 8 14 9 8 12 4 8 13 9 7 9 8 9 5 8 4 13 8 9 9 11 4 8 8 8 16 4 14 8 13 6 13 5 6 10 6 12 8 7 8 13 9 7 7 15 8 11 14 3 11 13 8 9 14 6 11 12 14 6 3 10 13 8 9 11 11 16 12 5 4 11 9 9 12 11 9 14 6 10 10 10 7 12 8 5 12 16 8 5 6 9 9 15 9 5 11 3 9 10 10 7 5 2 
8 13 7 8 2 9 9 8 10 4 15 4 6 6 11 7 14 9 11 15 7 10 4 13 10 10 14 11 13 12 7 3 9 4 11 13 4 8 14 9 8 12 4 8 13 9 7 9 8 9 5 8 4 13 8 9 9 11 4 8 8 8 16 4 14 8 13 6 13 5 6 10 6 12 8 7 8 13 9 7 7 15 8 11 14 3 11 13 8 9 14 6 11 12 14 6 3 10 13 8 9 11 11 16 12 5 4 11 9 9 12 11 9 14 6 10 10 10 7 12 8 5 12 16 8 5 6 9 9 15 9 5 11 3 9 10 10 7 5 2 
8 13 7 8 2 9 9 8 10 4 15 4 6 6 11 7 14 9 11 15 7 10 4 13 10 10 14 11 13 12 7 3 9 4 11 13 4 8 14 9 8 12 4 8 13 9 7 9 8 9 5 8 4 13 8 9 9 11 4 8 8 8 16 4 14 8 13 6 13 5 6 10 6 12 8 7 8 13 9 7 7 15 8 11 14 3 11 13 8 9 14 6 11 12 14 6 3 10 13 8 9 11 11 16 12 5 4 11 9 9 12 11 9 14 6 10 10 10 7 12 8 5 12 16 8 5 6 9 9 15 9 5 11 3 9 10 10 7 5 2 
8 13 7 8 2 9 9 8 10 4 15 4 6 6 11 7 14 9 11 15 7 10 4 13 10 10 14 11 13 12 7 3 9 4 11 13 4 8 14 9 8 12 4 8 13 9 7 9 8 9 5 8 4 13 8 9 9 11 4 8 8 8 16 4 14 8 13 6 13 5 6 10 6 12 8 7 8 13 9 7 7 15 8 11 14 3 11 13 8 9 14 6 11 12 14 6 3 10 13 8 9 11 11 16 12 5 4 11 9 9 12 11 9 14 6 10 10 10 7 12 8 5 12 16 8 5 6 9 9 15 9 5 11 3 9 10 10 7 5 2 
8 13 7 8 2 9 9 8 10 4 15 4 6 6 11 7 14 9 11 15 7 10 4 13 10 10 14 11 13 12 7 3 9 4 11 13 4 8 14 9 8 12 4 8 13 9 7 9 8 9 5 8 4 13 8 9 9 11 4 8 8 8 16 4 14 8 13 6 13 5 6 10 6 12 8 7 8 13 9 7 7 15 8 11 14 3 11 13 8 9 14 6 11 12 14 6 3 10 13 8 9 11 11 16 12 5 4 11 9 9 12 11 9 14 6 10 10 10 7 12 8 5 12 16 8 5 6 9 9 15 9 5 11 3 9 10 10 7 5 2 
8 13 7 8 2 9 9 8 10 4 15 4 6 6 11 7 14 9 11 15 7 10 4 13 10 10 14 11 13 12 7 3 9 4 11 13 4 8 14 9 8 12 4 8 13 9 7 9 8 9 5 8 4 13 8 9 9 11 4 8 8 8 16 4 14 8 13 6 13 5 6 10 6 12 8 7 8 13 9 7 7 15 8 11 14 3 11 13 8 9 14 6 11 12 14 6 3 10 13 8 9 11 11 16 12 5 4 11 9 9 12 11 9 14 6 10 10 10 7 12 8 5 12 16 8 5 6 9 9 15 9 5 11 3 9 10 10 7 5 2 
8 13 7 8 2 9 9 8 10 4 15 4 6 6 11 7 14 9 11 15 7 10 4 13 10 10 14 11 13 12 7 3 9 4 11 13 4 8 14 9 8 12 4 8 13 9 7 9 8 9 5 8 4 13 8 9 9 11 4 8 8 8 16 4 14 8 13 6 13 5 6 10 6 12 8 7 8 13 9 7 7 15 8 11 14 3 11 13 8 9 14 6 11 12 14 6 3 10 13 8 9 11 11 16 12 5 4 11 9 9 12 11 9 14 6 10 10 10 7 12 8 5 12 16 8 5 6 9 9 15 9 5 11 3 9 10 10 7 5 2 
8 13 7 8 2 9 9 8 10 4 15 4 6 6 11 7 14 9 11 15 7 10 4 13 10 10 14 11 13 12 7 3 9 4 11 13 4 8 14 9 8 12 4 8 13 9 7 9 8 9 5 8 4 13 8 9 9 11 4 8 8 8 16 4 14 8 13 6 13 5 6 10 6 12 8 7 8 13 9 7 7 15 8 11 14 3 11 13 8 9 14 6 11 12 14 6 3 10 13 8 9 11 11 16 12 5 4 11 9 9 12 11 9 14 6 10 10 10 7 12 8 5 12 16 8 5 6 9 9 15 9 5 11 3 9 10 10 7 5 2 
8 13 7 8 2 9 9 8 10 4 15 4 6 6 11 7 14 9 11 15 7 10 4 13 10 10 14 11 13 12 7 3 9 4 11 13 4 8 14 9 8 12 4 8 13 9 7 9 8 9 5 8 4 13 8 9 9 11 4 8 8 8 16 4 14 8 13 6 13 5 6 10 6 12 8 7 8 13 9 7 7 15 8 11 14 3 11 13 8 9 14 6 11 12 14 6 3 10 13 8 9 11 11 16 12 5 4 11 9 9 12 11 9 14 6 10 10 10 7 12 8 5 12 16 8 5 6 9 9 15 9 5 11 3 9 10 10 7 5 2 
8 13 7 8 2 9 9 8 10 4 15 4 6 6 11 7 14 9 11 15 7 10 4 13 10 10 14 11 13 12 7 3 9 4 11 13 4 8 14 9 8 12 4 8 13 9 7 9 8 9 5 8 4 13 8 9 9 11 4 8 8 8 16 4 14 8 13 6 13 5 6 10 6 12 8 7 8 13 9 7 7 15 8 11 14 3 11 13 8 9 14 6 11 12 14 6 3 10 13 8 9 11 11 16 12 5 4 11 9 9 12 11 9 14 6 10 10 10 7 12 8 5 12 16 8 5 6 9 9 15 9 5 11 3 9 10 10 7 5 2 
8 13 7 8 2 9 9 8 10 4 15 4 6 6 11 7 14 9 11 15 7 10 4 13 10 10 14 11 13 12 7 3 9 4 11 13 4 8 14 9 8 12 4 8 13 9 7 9 8 9 5 8 4 13 8 9 9 11 4 8 8 8 16 4 14 8 13 6 13 5 6 10 6 12 8 7 8 13 9 7 7 15 8 11 14 3 11 13 8 9 14 6 11 12 14 6 3 10 13 8 9 11 11 16 12 5 4 11 9 9 12 11 9 14 6 10 10 10 7 12 8 5 12 16 8 5 6 9 9 15 9 5 11 3 9 10 10 7 5 2 
8 13 7 8 2 9 9 8 10 4 15 4 6 6 11 7 14 9 11 15 7 10 4 13 10 10 14 11 13 12 7 3 9 4 11 13 4 8 14 9 8 12 4 8 13 9 7 9 8 9 5 8 4 13 8 9 9 11 4 8 8 8 16 4 14 8 13 6 13 5 6 10 6 12 8 7 8 13 9 7 7 15 8 11 14 3 11 13 8 9 14 6 11 12 14 6 3 10 13 8 9 11 11 16 12 5 4 11 9 9 12 11 9 14 6 10 10 10 7 12 8 5 12 16 8 5 6 9 9 15 9 5 11 3 9 10 10 7 5 2 
8 13 7 8 2 9 9 8 10 4 15 4 6 6 11 7 14 9 11 15 7 10 4 13 10 10 14 11 13 12 7 3 9 4 11 13 4 8 14 9 8 12 4 8 13 9 7 9 8 9 5 8 4 13 8 9 9 11 4 8 8 8 16 4 14 8 13 6 13 5 6 10 6 12 8 7 8 13 9 7 7 15 8 11 14 3 11 13 8 9 14 6 11 12 14 6 3 10 13 8 9 11 11 16 12 5 4 11 9 9 12 11 9 14 6 10 10 10 7 12 8 5 12 16 8 5 6 9 9 15 9 5 11 3 9 10 10 7 5 2 
8 13 7 8 2 9 9 8 10 4 15 4 6 6 11 7 14 9 11 15 7 10 4 13 10 10 14 11 13 12 7 3 9 4 11 13 4 8 14 9 8 12 4 8 13 9 7 9 8 9 5 8 4 13 8 9 9 11 4 8 8 8 16 4 14 8 13 6 13 5 6 10 6 12 8 7 8 13 9 7 7 15 8 11 14 3 11 13 8 9 14 6 11 12 14 6 3 10 13 8 9 11 11 16 12 5 4 11 9 9 12 11 9 14 6 10 10 10 7 12 8 5 12 16 8 5 6 9 9 15 9 5 11 3 9 10 10 7 5 2 
8 13 7 8 2 9 9 8 10 4 15 4 6 6 11 7 14 9 11 15 7 10 4 13 10 10 14 11 13 12 7 3 9 4 11 13 4 8 14 9 8 12 4 8 13 9 7 9 8 9 5 8 4 13 8 9 9 11 4 8 8 8 16 4 14 8 13 6 13 5 6 10 6 12 8 7 8 13 9 7 7 15 8 11 14 3 11 13 8 9 14 6 11 12 14 6 3 10 13 8 9 11 11 16 12 5 4 11 9 9 12 11 9 14 6 10 10 10 7 12 8 5 12 16 8 5 6 9 9 15 9 5 11 3 9 10 10 7 5 2 
8 13 7 8 2 9 9 8 10 4 15 4 6 6 11 7 14 9 11 15 7 10 4 13 10 10 14 11 13 12 7 3 9 4 11 13 4 8 14 9 8 12 4 8 13 9 7 9 8 9 5 8 4 13 8 9 9 11 4 8 8 8 16 4 14 8 13 6 13 5 6 10 6 12 8 7 8 13 9 7 7 15 8 11 14 3 11 13 8 9 14 6 11 12 14 6 3 10 13 8 9 11 11 16 12 5 4 11 9 9 12 11 9 14 6 10 10 10 7 12 8 5 12 16 8 5 6 9 9 15 9 5 11 3 9 10 10 7 5 2 
8 13 7 8 2 9 9 8 10 4 15 4 6 6 11 7 14 9 11 15 7 10 4 13 10 10 14 11 13 12 7 3 9 4 11 13 4 8 14 9 8 12 4 8 13 9 7 9 8 9 5 8 4 13 8 9 9 11 4 8 8 8 16 4 14 8 13 6 13 5 6 10 6 12 8 7 8 13 9 7 7 15 8 11 14 3 11 13 8 9 14 6 11 12 14 6 3 10 13 8 9 11 11 16 12 5 4 11 9 9 12 11 9 14 6 10 10 10 7 12 8 5 12 16 8 5 6 9 9 15 9 5 11 3 9 10 10 7 5 2 
8 13 7 8 2 9 9 8 10 4 15 4 6 6 11 7 14 9 11 15 7 10 4 13 10 10 14 11 13 12 7 3 9 4 11 13 4 8 14 9 8 12 4 8 13 9 7 9 8 9 5 8 4 13 8 9 9 11 4 8 8 8 16 4 14 8 13 6 13 5 6 10 6 12 8 7 8 13 9 7 7 15 8 11 14 3 11 13 8 9 14 6 11 12 14 6 3 10 13 8 9 11 11 16 12 5 4 11 9 9 12 11 9 14 6 10 10 10 7 12 8 5 12 16 8 5 6 9 9 15 9 5 11 3 9 10 10 7 5 2 
8 13 7 8 2 9 9 8 10 4 15 4 6 6 11 7 14 9 11 15 7 10 4 13 10 10 14 11 13 12 7 3 9 4 11 13 4 8 14 9 8 12 4 8 13 9 7 9 8 9 5 8 4 13 8 9 9 11 4 8 8 8 16 4 14 8 13 6 13 5 6 10 6 12 8 7 8 13 9 7 7 15 8 11 14 3 11 13 8 9 14 6 11 12 14 6 3 10 13 8 9 11 11 16 12 5 4 11 9 9 12 11 9 14 6 10 10 10 7 12 8 5 12 16 8 5 6 9 9 15 9 5 11 3 9 10 10 7 5 2 
8 13 7 8 2 9 9 8 10 4 15 4 6 6 11 7 14 9 11 15 7 10 4 13 10 10 14 11 13 12 7 3 9 4 11 13 4 8 14 9 8 12 4 8 13 9 7 9 8 9 5 8 4 13 8 9 9 11 4 8 8 8 16 4 14 8 13 6 13 5 6 10 6 12 8 7 8 13 9 7 7 15 8 11 14 3 11 13 8 9 14 6 11 12 14 6 3 10 13 8 9 11 11 16 12 5 4 11 9 9 12 11 9 14 6 10 10 10 7 12 8 5 12 16 8 5 6 9 9 15 9 5 11 3 9 10 10 7 5 2 
8 13 7 8 2 9 9 8 10 4 15 4 6 6 11 7 14 9 11 15 7 10 4 13 10 10 14 11 13 12 7 3 9 4 11 13 4 8 14 9 8 12 4 8 13 9 7 9 8 9 5 8 4 13 8 9 9 11 4 8 8 8 16 4 14 8 13 6 13 5 6 10 6 12 8 7 8 13 9 7 7 15 8 11 14 3 11 13 8 9 14 6 11 12 14 6 3 10 13 8 9 11 11 16 12 5 4 11 9 9 12 11 9 14 6 10 10 10 7 12 8 5 12 16 8 5 6 9 9 15 9 5 11 3 9 10 10 7 5 2 
8 13 7 8 2 9 9 8 10 4 15 4 6 6 11 7 14 9 11 15 7 10 4 13 10 10 14 11 13 12 7 3 9 4 11 13 4 8 14 9 8 12 4 8 13 9 7 9 8 9 5 8 4 13 8 9 9 11 4 8 8 8 16 4 14 8 13 6 13 5 6 10 6 12 8 7 8 13 9 7 7 15 8 11 14 3 11 13 8 9 14 6 11 12 14 6 3 10 13 8 9 11 11 16 12 5 4 11 9 9 12 11 9 14 6 10 10 10 7 12 8 5 12 16 8 5 6 9 9 15 9 5 11 3 9 10 10 7 5 2 
8 13 7 8 2 9 9 8 10 4 15 4 6 6 11 7 14 9 11 15 7 10 4 13 10 10 14 11 13 12 7 3 9 4 11 13 4 8 14 9 8 12 4 8 13 9 7 9 8 9 5 8 4 13 8 9 9 11 4 8 8 8 16 4 14 8 13 6 13 5 6 10 6 12 8 7 8 13 9 7 7 15 8 11 14 3 11 13 8 9 14 6 11 12 14 6 3 10 13 8 9 11 11 16 12 5 4 11 9 9 12 11 9 14 6 10 10 10 7 12 8 5 12 16 8 5 6 9 9 15 9 5 11 3 9 10 10 7 5 2 
8 13 7 8 2 9 9 8 10 4 15 4 6 6 11 7 14 9 11 15 7 10 4 13 10 10 14 11 13 12 7 3 9 4 11 13 4 8 14 9 8 12 4 8 13 9 7 9 8 9 5 8 4 13 8 9 9 11 4 8 8 8 16 4 14 8 13 6 13 5 6 10 6 12 8 7 8 13 9 7 7 15 8 11 14 3 11 13 8 9 14 6 11 12 14 6 3 10 13 8 9 11 11 16 12 5 4 11 9 9 12 11 9 14 6 10 10 10 7 12 8 5 12 16 8 5 6 9 9 15 9 5 11 3 9 10 10 7 5 2 
8 13 7 8 2 9 9 8 10 4 15 4 6 6 11 7 14 9 11 15 7 10 4 13 10 10 14 11 13 12 7 3 9 4 11 13 4 8 14 9 8 12 4 8 13 9 7 9 8 9 5 8 4 13 8 9 9 11 4 8 8 8 16 4 14 8 13 6 13 5 6 10 6 12 8 7 8 13 9 7 7 15 8 11 14 3 11 13 8 9 14 6 11 12 14 6 3 10 13 8 9 11 11 16 12 5 4 11 9 9 12 11 9 14 6 10 10 10 7 12 8 5 12 16 8 5 6 9 9 15 9 5 11 3 9 10 10 7 5 2 
8 13 7 8 2 9 9 8 10 4 15 4 6 6 11 7 14 9 11 15 7 10 4 13 10 10 14 11 13 12 7 3 9 4 11 13 4 8 14 9 8 12 4 8 13 9 7 9 8 9 5 8 4 13 8 9 9 11 4 8 8 8 16 4 14 8 13 6 13 5 6 10 6 12 8 7 8 13 9 7 7 15 8 11 14 3 11 13 8 9 14 6 11 12 14 6 3 10 13 8 9 11 11 16 12 5 4 11 9 9 12 11 9 14 6 10 10 10 7 12 8 5 12 16 8 5 6 9 9 15 9 5 11 3 9 10 10 7 5 2 
8 13 7 8 2 9 9 8 10 4 15 4 6 6 11 7 14 9 11 15 7 10 4 13 10 10 14 11 13 12 7 3 9 4 11 13 4 8 14 9 8 12 4 8 13 9 7 9 8 9 5 8 4 13 8 9 9 11 4 8 8 8 16 4 14 8 13 6 13 5 6 10 6 12 8 7 8 13 9 7 7 15 8 11 14 3 11 13 8 9 14 6 11 12 14 6 3 10 13 8 9 11 11 16 12 5 4 11 9 9 12 11 9 14 6 10 10 10 7 12 8 5 12 16 8 5 6 9 9 15 9 5 11 3 9 10 10 7 5 2 
8 13 7 8 2 9 9 8 10 4 15 4 6 6 11 7 14 9 11 15 7 10 4 13 10 10 14 11 13 12 7 3 9 4 11 13 4 8 14 9 8 12 4 8 13 9 7 9 8 9 5 8 4 13 8 9 9 11 4 8 8 8 16 4 14 8 13 6 13 5 6 10 6 12 8 7 8 13 9 7 7 15 8 11 14 3 11 13 8 9 14 6 11 12 14 6 3 10 13 8 9 11 11 16 12 5 4 11 9 9 12 11 9 14 6 10 10 10 7 12 8 5 12 16 8 5 6 9 9 15 9 5 11 3 9 10 10 7 5 2 
8 13 7 8 2 9 9 8 10 4 15 4 6 6 11 7 14 9 11 15 7 10 4 13 10 10 14 11 13 12 7 3 9 4 11 13 4 8 14 9 8 12 4 8 13 9 7 9 8 9 5 8 4 13 8 9 9 11 4 8 8 8 16 4 14 8 13 6 13 5 6 10 6 12 8 7 8 13 9 7 7 15 8 11 14 3 11 13 8 9 14 6 11 12 14 6 3 10 13 8 9 11 11 16 12 5 4 11 9 9 12 11 9 14 6 10 10 10 7 12 8 5 12 16 8 5 6 9 9 15 9 5 11 3 9 10 10 7 5 2 
8 13 7 8 2 9 9 8 10 4 15 4 6 6 11 7 14 9 11 15 7 10 4 13 10 10 14 11 13 12 7 3 9 4 11 13 4 8 14 9 8 12 4 8 13 9 7 9 8 9 5 8 4 13 8 9 9 11 4 8 8 8 16 4 14 8 13 6 13 5 6 10 6 12 8 7 8 13 9 7 7 15 8 11 14 3 11 13 8 9 14 6 11 12 14 6 3 10 13 8 9 11 11 16 12 5 4 11 9 9 12 11 9 14 6 10 10 10 7 12 8 5 12 16 8 5 6 9 9 15 9 5 11 3 9 10 10 7 5 2 
8 13 7 8 2 9 9 8 10 4 15 4 6 6 11 7 14 9 11 15 7 10 4 13 10 10 14 11 13 12 7 3 9 4 11 13 4 8 14 9 8 12 4 8 13 9 7 9 8 9 5 8 4 13 8 9 9 11 4 8 8 8 16 4 14 8 13 6 13 5 6 10 6 12 8 7 8 13 9 7 7 15 8 11 14 3 11 13 8 9 14 6 11 12 14 6 3 10 13 8 9 11 11 16 12 5 4 11 9 9 12 11 9 14 6 10 10 10 7 12 8 5 12 16 8 5 6 9 9 15 9 5 11 3 9 10 10 7 5 2 
8 13 7 8 2 9 9 8 10 4 15 4 6 6 11 7 14 9 11 15 7 10 4 13 10 10 14 11 13 12 7 3 9 4 11 13 4 8 14 9 8 12 4 8 13 9 7 9 8 9 5 8 4 13 8 9 9 11 4 8 8 8 16 4 14 8 13 6 13 5 6 10 6 12 8 7 8 13 9 7 7 15 8 11 14 3 11 13 8 9 14 6 11 12 14 6 3 10 13 8 9 11 11 16 12 5 4 11 9 9 12 11 9 14 6 10 10 10 7 12 8 5 12 16 8 5 6 9 9 15 9 5 11 3 9 10 10 7 5 2 
8 13 7 8 2 9 9 8 10 4 15 4 6 6 11 7 14 9 11 15 7 10 4 13 10 10 14 11 13 12 7 3 9 4 11 13 4 8 14 9 8 12 4 8 13 9 7 9 8 9 5 8 4 13 8 9 9 11 4 8 8 8 16 4 14 8 13 6 13 5 6 10 6 12 8 7 8 13 9 7 7 15 8 11 14 3 11 13 8 9 14 6 11 12 14 6 3 10 13 8 9 11 11 16 12 5 4 11 9 9 12 11 9 14 6 10 10 10 7 12 8 5 12 16 8 5 6 9 9 15 9 5 11 3 9 10 10 7 5 2 
8 13 7 8 2 9 9 8 10 4 15 4 6 6 11 7 14 9 11 15 7 10 4 13 10 10 14 11 13 12 7 3 9 4 11 13 4 8 14 9 8 12 4 8 13 9 7 9 8 9 5 8 4 13 8 9 9 11 4 8 8 8 16 4 14 8 13 6 13 5 6 10 6 12 8 7 8 13 9 7 7 15 8 11 14 3 11 13 8 9 14 6 11 12 14 6 3 10 13 8 9 11 11 16 12 5 4 11 9 9 12 11 9 14 6 10 10 10 7 12 8 5 12 16 8 5 6 9 9 15 9 5 11 3 9 10 10 7 5 2 
8 13 7 8 2 9 9 8 10 4 15 4 6 6 11 7 14 9 11 15 7 10 4 13 10 10 14 11 13 12 7 3 9 4 11 13 4 8 14 9 8 12 4 8 13 9 7 9 8 9 5 8 4 13 8 9 9 11 4 8 8 8 16 4 14 8 13 6 13 5 6 10 6 12 8 7 8 13 9 7 7 15 8 11 14 3 11 13 8 9 14 6 11 12 14 6 3 10 13 8 9 11 11 16 12 5 4 11 9 9 12 11 9 14 6 10 10 10 7 12 8 5 12 16 8 5 6 9 9 15 9 5 11 3 9 10 10 7 5 2 
8 13 7 8 2 9 9 8 10 4 15 4 6 6 11 7 14 9 11 15 7 10 4 13 10 10 14 11 13 12 7 3 9 4 11 13 4 8 14 9 8 12 4 8 13 9 7 9 8 9 5 8 4 13 8 9 9 11 4 8 8 8 16 4 14 8 13 6 13 5 6 10 6 12 8 7 8 13 9 7 7 15 8 11 14 3 11 13 8 9 14 6 11 12 14 6 3 10 13 8 9 11 11 16 12 5 4 11 9 9 12 11 9 14 6 10 10 10 7 12 8 5 12 16 8 5 6 9 9 15 9 5 11 3 9 10 10 7 5 2 
8 13 7 8 2 9 9 8 10 4 15 4 6 6 11 7 14 9 11 15 7 10 4 13 10 10 14 11 13 12 7 3 9 4 11 13 4 8 14 9 8 12 4 8 13 9 7 9 8 9 5 8 4 13 8 9 9 11 4 8 8 8 16 4 14 8 13 6 13 5 6 10 6 12 8 7 8 13 9 7 7 15 8 11 14 3 11 13 8 9 14 6 11 12 14 6 3 10 13 8 9 11 11 16 12 5 4 11 9 9 12 11 9 14 6 10 10 10 7 12 8 5 12 16 8 5 6 9 9 15 9 5 11 3 9 10 10 7 5 2 
8 13 7 8 2 9 9 8 10 4 15 4 6 6 11 7 14 9 11 15 7 10 4 13 10 10 14 11 13 12 7 3 9 4 11 13 4 8 14 9 8 12 4 8 13 9 7 9 8 9 5 8 4 13 8 9 9 11 4 8 8 8 16 4 14 8 13 6 13 5 6 10 6 12 8 7 8 13 9 7 7 15 8 11 14 3 11 13 8 9 14 6 11 12 14 6 3 10 13 8 9 11 11 16 12 5 4 11 9 9 12 11 9 14 6 10 10 10 7 12 8 5 12 16 8 5 6 9 9 15 9 5 11 3 9 10 10 7 5 2 
8 13 7 8 2 9 9 8 10 4 15 4 6 6 11 7 14 9 11 15 7 10 4 13 10 10 14 11 13 12 7 3 9 4 11 13 4 8 14 9 8 12 4 8 13 9 7 9 8 9 5 8 4 13 8 9 9 11 4 8 8 8 16 4 14 8 13 6 13 5 6 10 6 12 8 7 8 13 9 7 7 15 8 11 14 3 11 13 8 9 14 6 11 12 14 6 3 10 13 8 9 11 11 16 12 5 4 11 9 9 12 11 9 14 6 10 10 10 7 12 8 5 12 16 8 5 6 9 9 15 9 5 11 3 9 10 10 7 5 2 
8 13 7 8 2 9 9 8 10 4 15 4 6 6 11 7 14 9 11 15 7 10 4 13 10 10 14 11 13 12 7 3 9 4 11 13 4 8 14 9 8 12 4 8 13 9 7 9 8 9 5 8 4 13 8 9 9 11 4 8 8 8 16 4 14 8 13 6 13 5 6 10 6 12 8 7 8 13 9 7 7 15 8 11 14 3 11 13 8 9 14 6 11 12 14 6 3 10 13 8 9 11 11 16 12 5 4 11 9 9 12 11 9 14 6 10 10 10 7 12 8 5 12 16 8 5 6 9 9 15 9 5 11 3 9 10 10 7 5 2 
8 13 7 8 2 9 9 8 10 4 15 4 6 6 11 7 14 9 11 15 7 10 4 13 10 10 14 11 13 12 7 3 9 4 11 13 4 8 14 9 8 12 4 8 13 9 7 9 8 9 5 8 4 13 8 9 9 11 4 8 8 8 16 4 14 8 13 6 13 5 6 10 6 12 8 7 8 13 9 7 7 15 8 11 14 3 11 13 8 9 14 6 11 12 14 6 3 10 13 8 9 11 11 16 12 5 4 11 9 9 12 11 9 14 6 10 10 10 7 12 8 5 12 16 8 5 6 9 9 15 9 5 11 3 9 10 10 7 5 2 
8 13 7 8 2 9 9 8 10 4 15 4 6 6 11 7 14 9 11 15 7 10 4 13 10 10 14 11 13 12 7 3 9 4 11 13 4 8 14 9 8 12 4 8 13 9 7 9 8 9 5 8 4 13 8 9 9 11 4 8 8 8 16 4 14 8 13 6 13 5 6 10 6 12 8 7 8 13 9 7 7 15 8 11 14 3 11 13 8 9 14 6 11 12 14 6 3 10 13 8 9 11 11 16 12 5 4 11 9 9 12 11 9 14 6 10 10 10 7 12 8 5 12 16 8 5 6 9 9 15 9 5 11 3 9 10 10 7 5 2 
8 13 7 8 2 9 9 8 10 4 15 4 6 6 11 7 14 9 11 15 7 10 4 13 10 10 14 11 13 12 7 3 9 4 11 13 4 8 14 9 8 12 4 8 13 9 7 9 8 9 5 8 4 13 8 9 9 11 4 8 8 8 16 4 14 8 13 6 13 5 6 10 6 12 8 7 8 13 9 7 7 15 8 11 14 3 11 13 8 9 14 6 11 12 14 6 3 10 13 8 9 11 11 16 12 5 4 11 9 9 12 11 9 14 6 10 10 10 7 12 8 5 12 16 8 5 6 9 9 15 9 5 11 3 9 10 10 7 5 2 
8 13 7 8 2 9 9 8 10 4 15 4 6 6 11 7 14 9 11 15 7 10 4 13 10 10 14 11 13 12 7 3 9 4 11 13 4 8 14 9 8 12 4 8 13 9 7 9 8 9 5 8 4 13 8 9 9 11 4 8 8 8 16 4 14 8 13 6 13 5 6 10 6 12 8 7 8 13 9 7 7 15 8 11 14 3 11 13 8 9 14 6 11 12 14 6 3 10 13 8 9 11 11 16 12 5 4 11 9 9 12 11 9 14 6 10 10 10 7 12 8 5 12 16 8 5 6 9 9 15 9 5 11 3 9 10 10 7 5 2 
8 13 7 8 2 9 9 8 10 4 15 4 6 6 11 7 14 9 11 15 7 10 4 13 10 10 14 11 13 12 7 3 9 4 11 13 4 8 14 9 8 12 4 8 13 9 7 9 8 9 5 8 4 13 8 9 9 11 4 8 8 8 16 4 14 8 13 6 13 5 6 10 6 12 8 7 8 13 9 7 7 15 8 11 14 3 11 13 8 9 14 6 11 12 14 6 3 10 13 8 9 11 11 16 12 5 4 11 9 9 12 11 9 14 6 10 10 10 7 12 8 5 12 16 8 5 6 9 9 15 9 5 11 3 9 10 10 7 5 2 
8 13 7 8 2 9 9 8 10 4 15 4 6 6 11 7 14 9 11 15 7 10 4 13 10 10 14 11 13 12 7 3 9 4 11 13 4 8 14 9 8 12 4 8 13 9 7 9 8 9 5 8 4 13 8 9 9 11 4 8 8 8 16 4 14 8 13 6 13 5 6 10 6 12 8 7 8 13 9 7 7 15 8 11 14 3 11 13 8 9 14 6 11 12 14 6 3 10 13 8 9 11 11 16 12 5 4 11 9 9 12 11 9 14 6 10 10 10 7 12 8 5 12 16 8 5 6 9 9 15 9 5 11 3 9 10 10 7 5 2 
8 13 7 8 2 9 9 8 10 4 15 4 6 6 11 7 14 9 11 15 7 10 4 13 10 10 14 11 13 12 7 3 9 4 11 13 4 8 14 9 8 12 4 8 13 9 7 9 8 9 5 8 4 13 8 9 9 11 4 8 8 8 16 4 14 8 13 6 13 5 6 10 6 12 8 7 8 13 9 7 7 15 8 11 14 3 11 13 8 9 14 6 11 12 14 6 3 10 13 8 9 11 11 16 12 5 4 11 9 9 12 11 9 14 6 10 10 10 7 12 8 5 12 16 8 5 6 9 9 15 9 5 11 3 9 10 10 7 5 2 
