3 13 4 9 10 8 14 8 10 8 11 10 10 10 9 8 5 9 4 7 12 10 7 3 10 7 9 10 7 7 10 8 7 4 10 5 6 7 4 5 6 4 15 10 8 10 7 14 10 10 3 8 10 7 14 15 9 5 6 12 10 7 9 14 15 9 4 10 12 9 2 9 13 4 8 6 10 9 9 12 8 3 9 5 15 4 5 14 3 4 8 9 9 10 7 9 15 6 9 10 15 15 7 8 9 10 5 15 3 5 11 3 15 4 7 7 13 6 10 16 11 11 4 11 6 8 2 8 5 13 5 14 8 5 8 14 4 5 9 12 10 8 9 2 10 3 10 10 13 3 8 10 13 13 9 15 10 12 9 7 7 2 10 8 9 8 11 9 5 10 5 11 9 6 13 15 13 12 12 14 
3 13 4 9 10 8 14 8 10 8 11 10 10 10 9 8 5 9 4 7 12 10 7 3 10 7 9 10 7 7 10 8 7 4 10 5 6 7 4 5 6 4 15 10 8 10 7 14 10 10 3 8 10 7 14 15 9 5 6 12 10 7 9 14 15 9 4 10 12 9 2 9 13 4 8 6 10 9 9 12 8 3 9 5 15 4 5 14 3 4 8 9 9 10 7 9 15 6 9 10 15 15 7 8 9 10 5 15 3 5 11 3 15 4 7 7 13 6 10 16 11 11 4 11 6 8 2 8 5 13 5 14 8 5 8 14 4 5 9 12 10 8 9 2 10 3 10 10 13 3 8 10 13 13 9 15 10 12 9 7 7 2 10 8 9 8 11 9 5 10 5 11 9 6 13 15 13 12 12 14 
3 13 4 9 10 8 14 8 10 8 11 10 10 10 9 8 5 9 4 7 12 10 7 3 10 7 9 10 7 7 10 8 7 4 10 5 6 7 4 5 6 4 15 10 8 10 7 14 10 10 3 8 10 7 14 15 9 5 6 12 10 7 9 14 15 9 4 10 12 9 2 9 13 4 8 6 10 9 9 12 8 3 9 5 15 4 5 14 3 4 8 9 9 10 7 9 15 6 9 10 15 15 7 8 9 10 5 15 3 5 11 3 15 4 7 7 13 6 10 16 11 11 4 11 6 8 2 8 5 13 5 14 8 5 8 14 4 5 9 12 10 8 9 2 10 3 10 10 13 3 8 10 13 13 9 15 10 12 9 7 7 2 10 8 9 8 11 9 5 10 5 11 9 6 13 15 13 12 12 14 
3 13 4 9 10 8 14 8 10 8 11 10 10 10 9 8 5 9 4 7 12 10 7 3 10 7 9 10 7 7 10 8 7 4 10 5 6 7 4 5 6 4 15 10 8 10 7 14 10 10 3 8 10 7 14 15 9 5 6 12 10 7 9 14 15 9 4 10 12 9 2 9 13 4 8 6 10 9 9 12 8 3 9 5 15 4 5 14 3 4 8 9 9 10 7 9 15 6 9 10 15 15 7 8 9 10 5 15 3 5 11 3 15 4 7 7 13 6 10 16 11 11 4 11 6 8 2 8 5 13 5 14 8 5 8 14 4 5 9 12 10 8 9 2 10 3 10 10 13 3 8 10 13 13 9 15 10 12 9 7 7 2 10 8 9 8 11 9 5 10 5 11 9 6 13 15 13 12 12 14 
3 13 4 9 10 8 14 8 10 8 11 10 10 10 9 8 5 9 4 7 12 10 7 3 10 7 9 10 7 7 10 8 7 4 10 5 6 7 4 5 6 4 15 10 8 10 7 14 10 10 3 8 10 7 14 15 9 5 6 12 10 7 9 14 15 9 4 10 12 9 2 9 13 4 8 6 10 9 9 12 8 3 9 5 15 4 5 14 3 4 8 9 9 10 7 9 15 6 9 10 15 15 7 8 9 10 5 15 3 5 11 3 15 4 7 7 13 6 10 16 11 11 4 11 6 8 2 8 5 13 5 14 8 5 8 14 4 5 9 12 10 8 9 2 10 3 10 10 13 3 8 10 13 13 9 15 10 12 9 7 7 2 10 8 9 8 11 9 5 10 5 11 9 6 13 15 13 12 12 14 
3 13 4 9 10 8 14 8 10 8 11 10 10 10 9 8 5 9 4 7 12 10 7 3 10 7 9 10 7 7 10 8 7 4 10 5 6 7 4 5 6 4 15 10 8 10 7 14 10 10 3 8 10 7 14 15 9 5 6 12 10 7 9 14 15 9 4 10 12 9 2 9 13 4 8 6 10 9 9 12 8 3 9 5 15 4 5 14 3 4 8 9 9 10 7 9 15 6 9 10 15 15 7 8 9 10 5 15 3 5 11 3 15 4 7 7 13 6 10 16 11 11 4 11 6 8 2 8 5 13 5 14 8 5 8 14 4 5 9 12 10 8 9 2 10 3 10 10 13 3 8 10 13 13 9 15 10 12 9 7 7 2 10 8 9 8 11 9 5 10 5 11 9 6 13 15 13 12 12 14 
3 13 4 9 10 8 14 8 10 8 11 10 10 10 9 8 5 9 4 7 12 10 7 3 10 7 9 10 7 7 10 8 7 4 10 5 6 7 4 5 6 4 15 10 8 10 7 14 10 10 3 8 10 7 14 15 9 5 6 12 10 7 9 14 15 9 4 10 12 9 2 9 13 4 8 6 10 9 9 12 8 3 9 5 15 4 5 14 3 4 8 9 9 10 7 9 15 6 9 10 15 15 7 8 9 10 5 15 3 5 11 3 15 4 7 7 13 6 10 16 11 11 4 11 6 8 2 8 5 13 5 14 8 5 8 14 4 5 9 12 10 8 9 2 10 3 10 10 13 3 8 10 13 13 9 15 10 12 9 7 7 2 10 8 9 8 11 9 5 10 5 11 9 6 13 15 13 12 12 14 
3 13 4 9 10 8 14 8 10 8 11 10 10 10 9 8 5 9 4 7 12 10 7 3 10 7 9 10 7 7 10 8 7 4 10 5 6 7 4 5 6 4 15 10 8 10 7 14 10 10 3 8 10 7 14 15 9 5 6 12 10 7 9 14 15 9 4 10 12 9 2 9 13 4 8 6 10 9 9 12 8 3 9 5 15 4 5 14 3 4 8 9 9 10 7 9 15 6 9 10 15 15 7 8 9 10 5 15 3 5 11 3 15 4 7 7 13 6 10 16 11 11 4 11 6 8 2 8 5 13 5 14 8 5 8 14 4 5 9 12 10 8 9 2 10 3 10 10 13 3 8 10 13 13 9 15 10 12 9 7 7 2 10 8 9 8 11 9 5 10 5 11 9 6 13 15 13 12 12 14 
3 13 4 9 10 8 14 8 10 8 11 10 10 10 9 8 5 9 4 7 12 10 7 3 10 7 9 10 7 7 10 8 7 4 10 5 6 7 4 5 6 4 15 10 8 10 7 14 10 10 3 8 10 7 14 15 9 5 6 12 10 7 9 14 15 9 4 10 12 9 2 9 13 4 8 6 10 9 9 12 8 3 9 5 15 4 5 14 3 4 8 9 9 10 7 9 15 6 9 10 15 15 7 8 9 10 5 15 3 5 11 3 15 4 7 7 13 6 10 16 11 11 4 11 6 8 2 8 5 13 5 14 8 5 8 14 4 5 9 12 10 8 9 2 10 3 10 10 13 3 8 10 13 13 9 15 10 12 9 7 7 2 10 8 9 8 11 9 5 10 5 11 9 6 13 15 13 12 12 14 
3 13 4 9 10 8 14 8 10 8 11 10 10 10 9 8 5 9 4 7 12 10 7 3 10 7 9 10 7 7 10 8 7 4 10 5 6 7 4 5 6 4 15 10 8 10 7 14 10 10 3 8 10 7 14 15 9 5 6 12 10 7 9 14 15 9 4 10 12 9 2 9 13 4 8 6 10 9 9 12 8 3 9 5 15 4 5 14 3 4 8 9 9 10 7 9 15 6 9 10 15 15 7 8 9 10 5 15 3 5 11 3 15 4 7 7 13 6 10 16 11 11 4 11 6 8 2 8 5 13 5 14 8 5 8 14 4 5 9 12 10 8 9 2 10 3 10 10 13 3 8 10 13 13 9 15 10 12 9 7 7 2 10 8 9 8 11 9 5 10 5 11 9 6 13 15 13 12 12 14 
3 13 4 9 10 8 14 8 10 8 11 10 10 10 9 8 5 9 4 7 12 10 7 3 10 7 9 10 7 7 10 8 7 4 10 5 6 7 4 5 6 4 15 10 8 10 7 14 10 10 3 8 10 7 14 15 9 5 6 12 10 7 9 14 15 9 4 10 12 9 2 9 13 4 8 6 10 9 9 12 8 3 9 5 15 4 5 14 3 4 8 9 9 10 7 9 15 6 9 10 15 15 7 8 9 10 5 15 3 5 11 3 15 4 7 7 13 6 10 16 11 11 4 11 6 8 2 8 5 13 5 14 8 5 8 14 4 5 9 12 10 8 9 2 10 3 10 10 13 3 8 10 13 13 9 15 10 12 9 7 7 2 10 8 9 8 11 9 5 10 5 11 9 6 13 15 13 12 12 14 
3 13 4 9 10 8 14 8 10 8 11 10 10 10 9 8 5 9 4 7 12 10 7 3 10 7 9 10 7 7 10 8 7 4 10 5 6 7 4 5 6 4 15 10 8 10 7 14 10 10 3 8 10 7 14 15 9 5 6 12 10 7 9 14 15 9 4 10 12 9 2 9 13 4 8 6 10 9 9 12 8 3 9 5 15 4 5 14 3 4 8 9 9 10 7 9 15 6 9 10 15 15 7 8 9 10 5 15 3 5 11 3 15 4 7 7 13 6 10 16 11 11 4 11 6 8 2 8 5 13 5 14 8 5 8 14 4 5 9 12 10 8 9 2 10 3 10 10 13 3 8 10 13 13 9 15 10 12 9 7 7 2 10 8 9 8 11 9 5 10 5 11 9 6 13 15 13 12 12 14 
3 13 4 9 10 8 14 8 10 8 11 10 10 10 9 8 5 9 4 7 12 10 7 3 10 7 9 10 7 7 10 8 7 4 10 5 6 7 4 5 6 4 15 10 8 10 7 14 10 10 3 8 10 7 14 15 9 5 6 12 10 7 9 14 15 9 4 10 12 9 2 9 13 4 8 6 10 9 9 12 8 3 9 5 15 4 5 14 3 4 8 9 9 10 7 9 15 6 9 10 15 15 7 8 9 10 5 15 3 5 11 3 15 4 7 7 13 6 10 16 11 11 4 11 6 8 2 8 5 13 5 14 8 5 8 14 4 5 9 12 10 8 9 2 10 3 10 10 13 3 8 10 13 13 9 15 10 12 9 7 7 2 10 8 9 8 11 9 5 10 5 11 9 6 13 15 13 12 12 14 
3 13 4 9 10 8 14 8 10 8 11 10 10 10 9 8 5 9 4 7 12 10 7 3 10 7 9 10 7 7 10 8 7 4 10 5 6 7 4 5 6 4 15 10 8 10 7 14 10 10 3 8 10 7 14 15 9 5 6 12 10 7 9 14 15 9 4 10 12 9 2 9 13 4 8 6 10 9 9 12 8 3 9 5 15 4 5 14 3 4 8 9 9 10 7 9 15 6 9 10 15 15 7 8 9 10 5 15 3 5 11 3 15 4 7 7 13 6 10 16 11 11 4 11 6 8 2 8 5 13 5 14 8 5 8 14 4 5 9 12 10 8 9 2 10 3 10 10 13 3 8 10 13 13 9 15 10 12 9 7 7 2 10 8 9 8 11 9 5 10 5 11 9 6 13 15 13 12 12 14 
3 13 4 9 10 8 14 8 10 8 11 10 10 10 9 8 5 9 4 7 12 10 7 3 10 7 9 10 7 7 10 8 7 4 10 5 6 7 4 5 6 4 15 10 8 10 7 14 10 10 3 8 10 7 14 15 9 5 6 12 10 7 9 14 15 9 4 10 12 9 2 9 13 4 8 6 10 9 9 12 8 3 9 5 15 4 5 14 3 4 8 9 9 10 7 9 15 6 9 10 15 15 7 8 9 10 5 15 3 5 11 3 15 4 7 7 13 6 10 16 11 11 4 11 6 8 2 8 5 13 5 14 8 5 8 14 4 5 9 12 10 8 9 2 10 3 10 10 13 3 8 10 13 13 9 15 10 12 9 7 7 2 10 8 9 8 11 9 5 10 5 11 9 6 13 15 13 12 12 14 
3 13 4 9 10 8 14 8 10 8 11 10 10 10 9 8 5 9 4 7 12 10 7 3 10 7 9 10 7 7 10 8 7 4 10 5 6 7 4 5 6 4 15 10 8 10 7 14 10 10 3 8 10 7 14 15 9 5 6 12 10 7 9 14 15 9 4 10 12 9 2 9 13 4 8 6 10 9 9 12 8 3 9 5 15 4 5 14 3 4 8 9 9 10 7 9 15 6 9 10 15 15 7 8 9 10 5 15 3 5 11 3 15 4 7 7 13 6 10 16 11 11 4 11 6 8 2 8 5 13 5 14 8 5 8 14 4 5 9 12 10 8 9 2 10 3 10 10 13 3 8 10 13 13 9 15 10 12 9 7 7 2 10 8 9 8 11 9 5 10 5 11 9 6 13 15 13 12 12 14 
3 13 4 9 10 8 14 8 10 8 11 10 10 10 9 8 5 9 4 7 12 10 7 3 10 7 9 10 7 7 10 8 7 4 10 5 6 7 4 5 6 4 15 10 8 10 7 14 10 10 3 8 10 7 14 15 9 5 6 12 10 7 9 14 15 9 4 10 12 9 2 9 13 4 8 6 10 9 9 12 8 3 9 5 15 4 5 14 3 4 8 9 9 10 7 9 15 6 9 10 15 15 7 8 9 10 5 15 3 5 11 3 15 4 7 7 13 6 10 16 11 11 4 11 6 8 2 8 5 13 5 14 8 5 8 14 4 5 9 12 10 8 9 2 10 3 10 10 13 3 8 10 13 13 9 15 10 12 9 7 7 2 10 8 9 8 11 9 5 10 5 11 9 6 13 15 13 12 12 14 
3 13 4 9 10 8 14 8 10 8 11 10 10 10 9 8 5 9 4 7 12 10 7 3 10 7 9 10 7 7 10 8 7 4 10 5 6 7 4 5 6 4 15 10 8 10 7 14 10 10 3 8 10 7 14 15 9 5 6 12 10 7 9 14 15 9 4 10 12 9 2 9 13 4 8 6 10 9 9 12 8 3 9 5 15 4 5 14 3 4 8 9 9 10 7 9 15 6 9 10 15 15 7 8 9 10 5 15 3 5 11 3 15 4 7 7 13 6 10 16 11 11 4 11 6 8 2 8 5 13 5 14 8 5 8 14 4 5 9 12 10 8 9 2 10 3 10 10 13 3 8 10 13 13 9 15 10 12 9 7 7 2 10 8 9 8 11 9 5 10 5 11 9 6 13 15 13 12 12 14 
3 13 4 9 10 8 14 8 10 8 11 10 10 10 9 8 5 9 4 7 12 10 7 3 10 7 9 10 7 7 10 8 7 4 10 5 6 7 4 5 6 4 15 10 8 10 7 14 10 10 3 8 10 7 14 15 9 5 6 12 10 7 9 14 15 9 4 10 12 9 2 9 13 4 8 6 10 9 9 12 8 3 9 5 15 4 5 14 3 4 8 9 9 10 7 9 15 6 9 10 15 15 7 8 9 10 5 15 3 5 11 3 15 4 7 7 13 6 10 16 11 11 4 11 6 8 2 8 5 13 5 14 8 5 8 14 4 5 9 12 10 8 9 2 10 3 10 10 13 3 8 10 13 13 9 15 10 12 9 7 7 2 10 8 9 8 11 9 5 10 5 11 9 6 13 15 13 12 12 14 
3 13 4 9 10 8 14 8 10 8 11 10 10 10 9 8 5 9 4 7 12 10 7 3 10 7 9 10 7 7 10 8 7 4 10 5 6 7 4 5 6 4 15 10 8 10 7 14 10 10 3 8 10 7 14 15 9 5 6 12 10 7 9 14 15 9 4 10 12 9 2 9 13 4 8 6 10 9 9 12 8 3 9 5 15 4 5 14 3 4 8 9 9 10 7 9 15 6 9 10 15 15 7 8 9 10 5 15 3 5 11 3 15 4 7 7 13 6 10 16 11 11 4 11 6 8 2 8 5 13 5 14 8 5 8 14 4 5 9 12 10 8 9 2 10 3 10 10 13 3 8 10 13 13 9 15 10 12 9 7 7 2 10 8 9 8 11 9 5 10 5 11 9 6 13 15 13 12 12 14 
3 13 4 9 10 8 14 8 10 8 11 10 10 10 9 8 5 9 4 7 12 10 7 3 10 7 9 10 7 7 10 8 7 4 10 5 6 7 4 5 6 4 15 10 8 10 7 14 10 10 3 8 10 7 14 15 9 5 6 12 10 7 9 14 15 9 4 10 12 9 2 9 13 4 8 6 10 9 9 12 8 3 9 5 15 4 5 14 3 4 8 9 9 10 7 9 15 6 9 10 15 15 7 8 9 10 5 15 3 5 11 3 15 4 7 7 13 6 10 16 11 11 4 11 6 8 2 8 5 13 5 14 8 5 8 14 4 5 9 12 10 8 9 2 10 3 10 10 13 3 8 10 13 13 9 15 10 12 9 7 7 2 10 8 9 8 11 9 5 10 5 11 9 6 13 15 13 12 12 14 
3 13 4 9 10 8 14 8 10 8 11 10 10 10 9 8 5 9 4 7 12 10 7 3 10 7 9 10 7 7 10 8 7 4 10 5 6 7 4 5 6 4 15 10 8 10 7 14 10 10 3 8 10 7 14 15 9 5 6 12 10 7 9 14 15 9 4 10 12 9 2 9 13 4 8 6 10 9 9 12 8 3 9 5 15 4 5 14 3 4 8 9 9 10 7 9 15 6 9 10 15 15 7 8 9 10 5 15 3 5 11 3 15 4 7 7 13 6 10 16 11 11 4 11 6 8 2 8 5 13 5 14 8 5 8 14 4 5 9 12 10 8 9 2 10 3 10 10 13 3 8 10 13 13 9 15 10 12 9 7 7 2 10 8 9 8 11 9 5 10 5 11 9 6 13 15 13 12 12 14 
3 13 4 9 10 8 14 8 10 8 11 10 10 10 9 8 5 9 4 7 12 10 7 3 10 7 9 10 7 7 10 8 7 4 10 5 6 7 4 5 6 4 15 10 8 10 7 14 10 10 3 8 10 7 14 15 9 5 6 12 10 7 9 14 15 9 4 10 12 9 2 9 13 4 8 6 10 9 9 12 8 3 9 5 15 4 5 14 3 4 8 9 9 10 7 9 15 6 9 10 15 15 7 8 9 10 5 15 3 5 11 3 15 4 7 7 13 6 10 16 11 11 4 11 6 8 2 8 5 13 5 14 8 5 8 14 4 5 9 12 10 8 9 2 10 3 10 10 13 3 8 10 13 13 9 15 10 12 9 7 7 2 10 8 9 8 11 9 5 10 5 11 9 6 13 15 13 12 12 14 
3 13 4 9 10 8 14 8 10 8 11 10 10 10 9 8 5 9 4 7 12 10 7 3 10 7 9 10 7 7 10 8 7 4 10 5 6 7 4 5 6 4 15 10 8 10 7 14 10 10 3 8 10 7 14 15 9 5 6 12 10 7 9 14 15 9 4 10 12 9 2 9 13 4 8 6 10 9 9 12 8 3 9 5 15 4 5 14 3 4 8 9 9 10 7 9 15 6 9 10 15 15 7 8 9 10 5 15 3 5 11 3 15 4 7 7 13 6 10 16 11 11 4 11 6 8 2 8 5 13 5 14 8 5 8 14 4 5 9 12 10 8 9 2 10 3 10 10 13 3 8 10 13 13 9 15 10 12 9 7 7 2 10 8 9 8 11 9 5 10 5 11 9 6 13 15 13 12 12 14 
3 13 4 9 10 8 14 8 10 8 11 10 10 10 9 8 5 9 4 7 12 10 7 3 10 7 9 10 7 7 10 8 7 4 10 5 6 7 4 5 6 4 15 10 8 10 7 14 10 10 3 8 10 7 14 15 9 5 6 12 10 7 9 14 15 9 4 10 12 9 2 9 13 4 8 6 10 9 9 12 8 3 9 5 15 4 5 14 3 4 8 9 9 10 7 9 15 6 9 10 15 15 7 8 9 10 5 15 3 5 11 3 15 4 7 7 13 6 10 16 11 11 4 11 6 8 2 8 5 13 5 14 8 5 8 14 4 5 9 12 10 8 9 2 10 3 10 10 13 3 8 10 13 13 9 15 10 12 9 7 7 2 10 8 9 8 11 9 5 10 5 11 9 6 13 15 13 12 12 14 
3 13 4 9 10 8 14 8 10 8 11 10 10 10 9 8 5 9 4 7 12 10 7 3 10 7 9 10 7 7 10 8 7 4 10 5 6 7 4 5 6 4 15 10 8 10 7 14 10 10 3 8 10 7 14 15 9 5 6 12 10 7 9 14 15 9 4 10 12 9 2 9 13 4 8 6 10 9 9 12 8 3 9 5 15 4 5 14 3 4 8 9 9 10 7 9 15 6 9 10 15 15 7 8 9 10 5 15 3 5 11 3 15 4 7 7 13 6 10 16 11 11 4 11 6 8 2 8 5 13 5 14 8 5 8 14 4 5 9 12 10 8 9 2 10 3 10 10 13 3 8 10 13 13 9 15 10 12 9 7 7 2 10 8 9 8 11 9 5 10 5 11 9 6 13 15 13 12 12 14 
3 13 4 9 10 8 14 8 10 8 11 10 10 10 9 8 5 9 4 7 12 10 7 3 10 7 9 10 7 7 10 8 7 4 10 5 6 7 4 5 6 4 15 10 8 10 7 14 10 10 3 8 10 7 14 15 9 5 6 12 10 7 9 14 15 9 4 10 12 9 2 9 13 4 8 6 10 9 9 12 8 3 9 5 15 4 5 14 3 4 8 9 9 10 7 9 15 6 9 10 15 15 7 8 9 10 5 15 3 5 11 3 15 4 7 7 13 6 10 16 11 11 4 11 6 8 2 8 5 13 5 14 8 5 8 14 4 5 9 12 10 8 9 2 10 3 10 10 13 3 8 10 13 13 9 15 10 12 9 7 7 2 10 8 9 8 11 9 5 10 5 11 9 6 13 15 13 12 12 14 
3 13 4 9 10 8 14 8 10 8 11 10 10 10 9 8 5 9 4 7 12 10 7 3 10 7 9 10 7 7 10 8 7 4 10 5 6 7 4 5 6 4 15 10 8 10 7 14 10 10 3 8 10 7 14 15 9 5 6 12 10 7 9 14 15 9 4 10 12 9 2 9 13 4 8 6 10 9 9 12 8 3 9 5 15 4 5 14 3 4 8 9 9 10 7 9 15 6 9 10 15 15 7 8 9 10 5 15 3 5 11 3 15 4 7 7 13 6 10 16 11 11 4 11 6 8 2 8 5 13 5 14 8 5 8 14 4 5 9 12 10 8 9 2 10 3 10 10 13 3 8 10 13 13 9 15 10 12 9 7 7 2 10 8 9 8 11 9 5 10 5 11 9 6 13 15 13 12 12 14 
3 13 4 9 10 8 14 8 10 8 11 10 10 10 9 8 5 9 4 7 12 10 7 3 10 7 9 10 7 7 10 8 7 4 10 5 6 7 4 5 6 4 15 10 8 10 7 14 10 10 3 8 10 7 14 15 9 5 6 12 10 7 9 14 15 9 4 10 12 9 2 9 13 4 8 6 10 9 9 12 8 3 9 5 15 4 5 14 3 4 8 9 9 10 7 9 15 6 9 10 15 15 7 8 9 10 5 15 3 5 11 3 15 4 7 7 13 6 10 16 11 11 4 11 6 8 2 8 5 13 5 14 8 5 8 14 4 5 9 12 10 8 9 2 10 3 10 10 13 3 8 10 13 13 9 15 10 12 9 7 7 2 10 8 9 8 11 9 5 10 5 11 9 6 13 15 13 12 12 14 
3 13 4 9 10 8 14 8 10 8 11 10 10 10 9 8 5 9 4 7 12 10 7 3 10 7 9 10 7 7 10 8 7 4 10 5 6 7 4 5 6 4 15 10 8 10 7 14 10 10 3 8 10 7 14 15 9 5 6 12 10 7 9 14 15 9 4 10 12 9 2 9 13 4 8 6 10 9 9 12 8 3 9 5 15 4 5 14 3 4 8 9 9 10 7 9 15 6 9 10 15 15 7 8 9 10 5 15 3 5 11 3 15 4 7 7 13 6 10 16 11 11 4 11 6 8 2 8 5 13 5 14 8 5 8 14 4 5 9 12 10 8 9 2 10 3 10 10 13 3 8 10 13 13 9 15 10 12 9 7 7 2 10 8 9 8 11 9 5 10 5 11 9 6 13 15 13 12 12 14 
3 13 4 9 10 8 14 8 10 8 11 10 10 10 9 8 5 9 4 7 12 10 7 3 10 7 9 10 7 7 10 8 7 4 10 5 6 7 4 5 6 4 15 10 8 10 7 14 10 10 3 8 10 7 14 15 9 5 6 12 10 7 9 14 15 9 4 10 12 9 2 9 13 4 8 6 10 9 9 12 8 3 9 5 15 4 5 14 3 4 8 9 9 10 7 9 15 6 9 10 15 15 7 8 9 10 5 15 3 5 11 3 15 4 7 7 13 6 10 16 11 11 4 11 6 8 2 8 5 13 5 14 8 5 8 14 4 5 9 12 10 8 9 2 10 3 10 10 13 3 8 10 13 13 9 15 10 12 9 7 7 2 10 8 9 8 11 9 5 10 5 11 9 6 13 15 13 12 12 14 
3 13 4 9 10 8 14 8 10 8 11 10 10 10 9 8 5 9 4 7 12 10 7 3 10 7 9 10 7 7 10 8 7 4 10 5 6 7 4 5 6 4 15 10 8 10 7 14 10 10 3 8 10 7 14 15 9 5 6 12 10 7 9 14 15 9 4 10 12 9 2 9 13 4 8 6 10 9 9 12 8 3 9 5 15 4 5 14 3 4 8 9 9 10 7 9 15 6 9 10 15 15 7 8 9 10 5 15 3 5 11 3 15 4 7 7 13 6 10 16 11 11 4 11 6 8 2 8 5 13 5 14 8 5 8 14 4 5 9 12 10 8 9 2 10 3 10 10 13 3 8 10 13 13 9 15 10 12 9 7 7 2 10 8 9 8 11 9 5 10 5 11 9 6 13 15 13 12 12 14 
3 13 4 9 10 8 14 8 10 8 11 10 10 10 9 8 5 9 4 7 12 10 7 3 10 7 9 10 7 7 10 8 7 4 10 5 6 7 4 5 6 4 15 10 8 10 7 14 10 10 3 8 10 7 14 15 9 5 6 12 10 7 9 14 15 9 4 10 12 9 2 9 13 4 8 6 10 9 9 12 8 3 9 5 15 4 5 14 3 4 8 9 9 10 7 9 15 6 9 10 15 15 7 8 9 10 5 15 3 5 11 3 15 4 7 7 13 6 10 16 11 11 4 11 6 8 2 8 5 13 5 14 8 5 8 14 4 5 9 12 10 8 9 2 10 3 10 10 13 3 8 10 13 13 9 15 10 12 9 7 7 2 10 8 9 8 11 9 5 10 5 11 9 6 13 15 13 12 12 14 
3 13 4 9 10 8 14 8 10 8 11 10 10 10 9 8 5 9 4 7 12 10 7 3 10 7 9 10 7 7 10 8 7 4 10 5 6 7 4 5 6 4 15 10 8 10 7 14 10 10 3 8 10 7 14 15 9 5 6 12 10 7 9 14 15 9 4 10 12 9 2 9 13 4 8 6 10 9 9 12 8 3 9 5 15 4 5 14 3 4 8 9 9 10 7 9 15 6 9 10 15 15 7 8 9 10 5 15 3 5 11 3 15 4 7 7 13 6 10 16 11 11 4 11 6 8 2 8 5 13 5 14 8 5 8 14 4 5 9 12 10 8 9 2 10 3 10 10 13 3 8 10 13 13 9 15 10 12 9 7 7 2 10 8 9 8 11 9 5 10 5 11 9 6 13 15 13 12 12 14 
3 13 4 9 10 8 14 8 10 8 11 10 10 10 9 8 5 9 4 7 12 10 7 3 10 7 9 10 7 7 10 8 7 4 10 5 6 7 4 5 6 4 15 10 8 10 7 14 10 10 3 8 10 7 14 15 9 5 6 12 10 7 9 14 15 9 4 10 12 9 2 9 13 4 8 6 10 9 9 12 8 3 9 5 15 4 5 14 3 4 8 9 9 10 7 9 15 6 9 10 15 15 7 8 9 10 5 15 3 5 11 3 15 4 7 7 13 6 10 16 11 11 4 11 6 8 2 8 5 13 5 14 8 5 8 14 4 5 9 12 10 8 9 2 10 3 10 10 13 3 8 10 13 13 9 15 10 12 9 7 7 2 10 8 9 8 11 9 5 10 5 11 9 6 13 15 13 12 12 14 
3 13 4 9 10 8 14 8 10 8 11 10 10 10 9 8 5 9 4 7 12 10 7 3 10 7 9 10 7 7 10 8 7 4 10 5 6 7 4 5 6 4 15 10 8 10 7 14 10 10 3 8 10 7 14 15 9 5 6 12 10 7 9 14 15 9 4 10 12 9 2 9 13 4 8 6 10 9 9 12 8 3 9 5 15 4 5 14 3 4 8 9 9 10 7 9 15 6 9 10 15 15 7 8 9 10 5 15 3 5 11 3 15 4 7 7 13 6 10 16 11 11 4 11 6 8 2 8 5 13 5 14 8 5 8 14 4 5 9 12 10 8 9 2 10 3 10 10 13 3 8 10 13 13 9 15 10 12 9 7 7 2 10 8 9 8 11 9 5 10 5 11 9 6 13 15 13 12 12 14 
3 13 4 9 10 8 14 8 10 8 11 10 10 10 9 8 5 9 4 7 12 10 7 3 10 7 9 10 7 7 10 8 7 4 10 5 6 7 4 5 6 4 15 10 8 10 7 14 10 10 3 8 10 7 14 15 9 5 6 12 10 7 9 14 15 9 4 10 12 9 2 9 13 4 8 6 10 9 9 12 8 3 9 5 15 4 5 14 3 4 8 9 9 10 7 9 15 6 9 10 15 15 7 8 9 10 5 15 3 5 11 3 15 4 7 7 13 6 10 16 11 11 4 11 6 8 2 8 5 13 5 14 8 5 8 14 4 5 9 12 10 8 9 2 10 3 10 10 13 3 8 10 13 13 9 15 10 12 9 7 7 2 10 8 9 8 11 9 5 10 5 11 9 6 13 15 13 12 12 14 
3 13 4 9 10 8 14 8 10 8 11 10 10 10 9 8 5 9 4 7 12 10 7 3 10 7 9 10 7 7 10 8 7 4 10 5 6 7 4 5 6 4 15 10 8 10 7 14 10 10 3 8 10 7 14 15 9 5 6 12 10 7 9 14 15 9 4 10 12 9 2 9 13 4 8 6 10 9 9 12 8 3 9 5 15 4 5 14 3 4 8 9 9 10 7 9 15 6 9 10 15 15 7 8 9 10 5 15 3 5 11 3 15 4 7 7 13 6 10 16 11 11 4 11 6 8 2 8 5 13 5 14 8 5 8 14 4 5 9 12 10 8 9 2 10 3 10 10 13 3 8 10 13 13 9 15 10 12 9 7 7 2 10 8 9 8 11 9 5 10 5 11 9 6 13 15 13 12 12 14 
3 13 4 9 10 8 14 8 10 8 11 10 10 10 9 8 5 9 4 7 12 10 7 3 10 7 9 10 7 7 10 8 7 4 10 5 6 7 4 5 6 4 15 10 8 10 7 14 10 10 3 8 10 7 14 15 9 5 6 12 10 7 9 14 15 9 4 10 12 9 2 9 13 4 8 6 10 9 9 12 8 3 9 5 15 4 5 14 3 4 8 9 9 10 7 9 15 6 9 10 15 15 7 8 9 10 5 15 3 5 11 3 15 4 7 7 13 6 10 16 11 11 4 11 6 8 2 8 5 13 5 14 8 5 8 14 4 5 9 12 10 8 9 2 10 3 10 10 13 3 8 10 13 13 9 15 10 12 9 7 7 2 10 8 9 8 11 9 5 10 5 11 9 6 13 15 13 12 12 14 
3 13 4 9 10 8 14 8 10 8 11 10 10 10 9 8 5 9 4 7 12 10 7 3 10 7 9 10 7 7 10 8 7 4 10 5 6 7 4 5 6 4 15 10 8 10 7 14 10 10 3 8 10 7 14 15 9 5 6 12 10 7 9 14 15 9 4 10 12 9 2 9 13 4 8 6 10 9 9 12 8 3 9 5 15 4 5 14 3 4 8 9 9 10 7 9 15 6 9 10 15 15 7 8 9 10 5 15 3 5 11 3 15 4 7 7 13 6 10 16 11 11 4 11 6 8 2 8 5 13 5 14 8 5 8 14 4 5 9 12 10 8 9 2 10 3 10 10 13 3 8 10 13 13 9 15 10 12 9 7 7 2 10 8 9 8 11 9 5 10 5 11 9 6 13 15 13 12 12 14 
3 13 4 9 10 8 14 8 10 8 11 10 10 10 9 8 5 9 4 7 12 10 7 3 10 7 9 10 7 7 10 8 7 4 10 5 6 7 4 5 6 4 15 10 8 10 7 14 10 10 3 8 10 7 14 15 9 5 6 12 10 7 9 14 15 9 4 10 12 9 2 9 13 4 8 6 10 9 9 12 8 3 9 5 15 4 5 14 3 4 8 9 9 10 7 9 15 6 9 10 15 15 7 8 9 10 5 15 3 5 11 3 15 4 7 7 13 6 10 16 11 11 4 11 6 8 2 8 5 13 5 14 8 5 8 14 4 5 9 12 10 8 9 2 10 3 10 10 13 3 8 10 13 13 9 15 10 12 9 7 7 2 10 8 9 8 11 9 5 10 5 11 9 6 13 15 13 12 12 14 
3 13 4 9 10 8 14 8 10 8 11 10 10 10 9 8 5 9 4 7 12 10 7 3 10 7 9 10 7 7 10 8 7 4 10 5 6 7 4 5 6 4 15 10 8 10 7 14 10 10 3 8 10 7 14 15 9 5 6 12 10 7 9 14 15 9 4 10 12 9 2 9 13 4 8 6 10 9 9 12 8 3 9 5 15 4 5 14 3 4 8 9 9 10 7 9 15 6 9 10 15 15 7 8 9 10 5 15 3 5 11 3 15 4 7 7 13 6 10 16 11 11 4 11 6 8 2 8 5 13 5 14 8 5 8 14 4 5 9 12 10 8 9 2 10 3 10 10 13 3 8 10 13 13 9 15 10 12 9 7 7 2 10 8 9 8 11 9 5 10 5 11 9 6 13 15 13 12 12 14 
3 13 4 9 10 8 14 8 10 8 11 10 10 10 9 8 5 9 4 7 12 10 7 3 10 7 9 10 7 7 10 8 7 4 10 5 6 7 4 5 6 4 15 10 8 10 7 14 10 10 3 8 10 7 14 15 9 5 6 12 10 7 9 14 15 9 4 10 12 9 2 9 13 4 8 6 10 9 9 12 8 3 9 5 15 4 5 14 3 4 8 9 9 10 7 9 15 6 9 10 15 15 7 8 9 10 5 15 3 5 11 3 15 4 7 7 13 6 10 16 11 11 4 11 6 8 2 8 5 13 5 14 8 5 8 14 4 5 9 12 10 8 9 2 10 3 10 10 13 3 8 10 13 13 9 15 10 12 9 7 7 2 10 8 9 8 11 9 5 10 5 11 9 6 13 15 13 12 12 14 
3 13 4 9 10 8 14 8 10 8 11 10 10 10 9 8 5 9 4 7 12 10 7 3 10 7 9 10 7 7 10 8 7 4 10 5 6 7 4 5 6 4 15 10 8 10 7 14 10 10 3 8 10 7 14 15 9 5 6 12 10 7 9 14 15 9 4 10 12 9 2 9 13 4 8 6 10 9 9 12 8 3 9 5 15 4 5 14 3 4 8 9 9 10 7 9 15 6 9 10 15 15 7 8 9 10 5 15 3 5 11 3 15 4 7 7 13 6 10 16 11 11 4 11 6 8 2 8 5 13 5 14 8 5 8 14 4 5 9 12 10 8 9 2 10 3 10 10 13 3 8 10 13 13 9 15 10 12 9 7 7 2 10 8 9 8 11 9 5 10 5 11 9 6 13 15 13 12 12 14 
3 13 4 9 10 8 14 8 10 8 11 10 10 10 9 8 5 9 4 7 12 10 7 3 10 7 9 10 7 7 10 8 7 4 10 5 6 7 4 5 6 4 15 10 8 10 7 14 10 10 3 8 10 7 14 15 9 5 6 12 10 7 9 14 15 9 4 10 12 9 2 9 13 4 8 6 10 9 9 12 8 3 9 5 15 4 5 14 3 4 8 9 9 10 7 9 15 6 9 10 15 15 7 8 9 10 5 15 3 5 11 3 15 4 7 7 13 6 10 16 11 11 4 11 6 8 2 8 5 13 5 14 8 5 8 14 4 5 9 12 10 8 9 2 10 3 10 10 13 3 8 10 13 13 9 15 10 12 9 7 7 2 10 8 9 8 11 9 5 10 5 11 9 6 13 15 13 12 12 14 
3 13 4 9 10 8 14 8 10 8 11 10 10 10 9 8 5 9 4 7 12 10 7 3 10 7 9 10 7 7 10 8 7 4 10 5 6 7 4 5 6 4 15 10 8 10 7 14 10 10 3 8 10 7 14 15 9 5 6 12 10 7 9 14 15 9 4 10 12 9 2 9 13 4 8 6 10 9 9 12 8 3 9 5 15 4 5 14 3 4 8 9 9 10 7 9 15 6 9 10 15 15 7 8 9 10 5 15 3 5 11 3 15 4 7 7 13 6 10 16 11 11 4 11 6 8 2 8 5 13 5 14 8 5 8 14 4 5 9 12 10 8 9 2 10 3 10 10 13 3 8 10 13 13 9 15 10 12 9 7 7 2 10 8 9 8 11 9 5 10 5 11 9 6 13 15 13 12 12 14 
3 13 4 9 10 8 14 8 10 8 11 10 10 10 9 8 5 9 4 7 12 10 7 3 10 7 9 10 7 7 10 8 7 4 10 5 6 7 4 5 6 4 15 10 8 10 7 14 10 10 3 8 10 7 14 15 9 5 6 12 10 7 9 14 15 9 4 10 12 9 2 9 13 4 8 6 10 9 9 12 8 3 9 5 15 4 5 14 3 4 8 9 9 10 7 9 15 6 9 10 15 15 7 8 9 10 5 15 3 5 11 3 15 4 7 7 13 6 10 16 11 11 4 11 6 8 2 8 5 13 5 14 8 5 8 14 4 5 9 12 10 8 9 2 10 3 10 10 13 3 8 10 13 13 9 15 10 12 9 7 7 2 10 8 9 8 11 9 5 10 5 11 9 6 13 15 13 12 12 14 
3 13 4 9 10 8 14 8 10 8 11 10 10 10 9 8 5 9 4 7 12 10 7 3 10 7 9 10 7 7 10 8 7 4 10 5 6 7 4 5 6 4 15 10 8 10 7 14 10 10 3 8 10 7 14 15 9 5 6 12 10 7 9 14 15 9 4 10 12 9 2 9 13 4 8 6 10 9 9 12 8 3 9 5 15 4 5 14 3 4 8 9 9 10 7 9 15 6 9 10 15 15 7 8 9 10 5 15 3 5 11 3 15 4 7 7 13 6 10 16 11 11 4 11 6 8 2 8 5 13 5 14 8 5 8 14 4 5 9 12 10 8 9 2 10 3 10 10 13 3 8 10 13 13 9 15 10 12 9 7 7 2 10 8 9 8 11 9 5 10 5 11 9 6 13 15 13 12 12 14 
3 13 4 9 10 8 14 8 10 8 11 10 10 10 9 8 5 9 4 7 12 10 7 3 10 7 9 10 7 7 10 8 7 4 10 5 6 7 4 5 6 4 15 10 8 10 7 14 10 10 3 8 10 7 14 15 9 5 6 12 10 7 9 14 15 9 4 10 12 9 2 9 13 4 8 6 10 9 9 12 8 3 9 5 15 4 5 14 3 4 8 9 9 10 7 9 15 6 9 10 15 15 7 8 9 10 5 15 3 5 11 3 15 4 7 7 13 6 10 16 11 11 4 11 6 8 2 8 5 13 5 14 8 5 8 14 4 5 9 12 10 8 9 2 10 3 10 10 13 3 8 10 13 13 9 15 10 12 9 7 7 2 10 8 9 8 11 9 5 10 5 11 9 6 13 15 13 12 12 14 
3 13 4 9 10 8 14 8 10 8 11 10 10 10 9 8 5 9 4 7 12 10 7 3 10 7 9 10 7 7 10 8 7 4 10 5 6 7 4 5 6 4 15 10 8 10 7 14 10 10 3 8 10 7 14 15 9 5 6 12 10 7 9 14 15 9 4 10 12 9 2 9 13 4 8 6 10 9 9 12 8 3 9 5 15 4 5 14 3 4 8 9 9 10 7 9 15 6 9 10 15 15 7 8 9 10 5 15 3 5 11 3 15 4 7 7 13 6 10 16 11 11 4 11 6 8 2 8 5 13 5 14 8 5 8 14 4 5 9 12 10 8 9 2 10 3 10 10 13 3 8 10 13 13 9 15 10 12 9 7 7 2 10 8 9 8 11 9 5 10 5 11 9 6 13 15 13 12 12 14 
3 13 4 9 10 8 14 8 10 8 11 10 10 10 9 8 5 9 4 7 12 10 7 3 10 7 9 10 7 7 10 8 7 4 10 5 6 7 4 5 6 4 15 10 8 10 7 14 10 10 3 8 10 7 14 15 9 5 6 12 10 7 9 14 15 9 4 10 12 9 2 9 13 4 8 6 10 9 9 12 8 3 9 5 15 4 5 14 3 4 8 9 9 10 7 9 15 6 9 10 15 15 7 8 9 10 5 15 3 5 11 3 15 4 7 7 13 6 10 16 11 11 4 11 6 8 2 8 5 13 5 14 8 5 8 14 4 5 9 12 10 8 9 2 10 3 10 10 13 3 8 10 13 13 9 15 10 12 9 7 7 2 10 8 9 8 11 9 5 10 5 11 9 6 13 15 13 12 12 14 
3 13 4 9 10 8 14 8 10 8 11 10 10 10 9 8 5 9 4 7 12 10 7 3 10 7 9 10 7 7 10 8 7 4 10 5 6 7 4 5 6 4 15 10 8 10 7 14 10 10 3 8 10 7 14 15 9 5 6 12 10 7 9 14 15 9 4 10 12 9 2 9 13 4 8 6 10 9 9 12 8 3 9 5 15 4 5 14 3 4 8 9 9 10 7 9 15 6 9 10 15 15 7 8 9 10 5 15 3 5 11 3 15 4 7 7 13 6 10 16 11 11 4 11 6 8 2 8 5 13 5 14 8 5 8 14 4 5 9 12 10 8 9 2 10 3 10 10 13 3 8 10 13 13 9 15 10 12 9 7 7 2 10 8 9 8 11 9 5 10 5 11 9 6 13 15 13 12 12 14 
3 13 4 9 10 8 14 8 10 8 11 10 10 10 9 8 5 9 4 7 12 10 7 3 10 7 9 10 7 7 10 8 7 4 10 5 6 7 4 5 6 4 15 10 8 10 7 14 10 10 3 8 10 7 14 15 9 5 6 12 10 7 9 14 15 9 4 10 12 9 2 9 13 4 8 6 10 9 9 12 8 3 9 5 15 4 5 14 3 4 8 9 9 10 7 9 15 6 9 10 15 15 7 8 9 10 5 15 3 5 11 3 15 4 7 7 13 6 10 16 11 11 4 11 6 8 2 8 5 13 5 14 8 5 8 14 4 5 9 12 10 8 9 2 10 3 10 10 13 3 8 10 13 13 9 15 10 12 9 7 7 2 10 8 9 8 11 9 5 10 5 11 9 6 13 15 13 12 12 14 
3 13 4 9 10 8 14 8 10 8 11 10 10 10 9 8 5 9 4 7 12 10 7 3 10 7 9 10 7 7 10 8 7 4 10 5 6 7 4 5 6 4 15 10 8 10 7 14 10 10 3 8 10 7 14 15 9 5 6 12 10 7 9 14 15 9 4 10 12 9 2 9 13 4 8 6 10 9 9 12 8 3 9 5 15 4 5 14 3 4 8 9 9 10 7 9 15 6 9 10 15 15 7 8 9 10 5 15 3 5 11 3 15 4 7 7 13 6 10 16 11 11 4 11 6 8 2 8 5 13 5 14 8 5 8 14 4 5 9 12 10 8 9 2 10 3 10 10 13 3 8 10 13 13 9 15 10 12 9 7 7 2 10 8 9 8 11 9 5 10 5 11 9 6 13 15 13 12 12 14 
3 13 4 9 10 8 14 8 10 8 11 10 10 10 9 8 5 9 4 7 12 10 7 3 10 7 9 10 7 7 10 8 7 4 10 5 6 7 4 5 6 4 15 10 8 10 7 14 10 10 3 8 10 7 14 15 9 5 6 12 10 7 9 14 15 9 4 10 12 9 2 9 13 4 8 6 10 9 9 12 8 3 9 5 15 4 5 14 3 4 8 9 9 10 7 9 15 6 9 10 15 15 7 8 9 10 5 15 3 5 11 3 15 4 7 7 13 6 10 16 11 11 4 11 6 8 2 8 5 13 5 14 8 5 8 14 4 5 9 12 10 8 9 2 10 3 10 10 13 3 8 10 13 13 9 15 10 12 9 7 7 2 10 8 9 8 11 9 5 10 5 11 9 6 13 15 13 12 12 14 
3 13 4 9 10 8 14 8 10 8 11 10 10 10 9 8 5 9 4 7 12 10 7 3 10 7 9 10 7 7 10 8 7 4 10 5 6 7 4 5 6 4 15 10 8 10 7 14 10 10 3 8 10 7 14 15 9 5 6 12 10 7 9 14 15 9 4 10 12 9 2 9 13 4 8 6 10 9 9 12 8 3 9 5 15 4 5 14 3 4 8 9 9 10 7 9 15 6 9 10 15 15 7 8 9 10 5 15 3 5 11 3 15 4 7 7 13 6 10 16 11 11 4 11 6 8 2 8 5 13 5 14 8 5 8 14 4 5 9 12 10 8 9 2 10 3 10 10 13 3 8 10 13 13 9 15 10 12 9 7 7 2 10 8 9 8 11 9 5 10 5 11 9 6 13 15 13 12 12 14 
3 13 4 9 10 8 14 8 10 8 11 10 10 10 9 8 5 9 4 7 12 10 7 3 10 7 9 10 7 7 10 8 7 4 10 5 6 7 4 5 6 4 15 10 8 10 7 14 10 10 3 8 10 7 14 15 9 5 6 12 10 7 9 14 15 9 4 10 12 9 2 9 13 4 8 6 10 9 9 12 8 3 9 5 15 4 5 14 3 4 8 9 9 10 7 9 15 6 9 10 15 15 7 8 9 10 5 15 3 5 11 3 15 4 7 7 13 6 10 16 11 11 4 11 6 8 2 8 5 13 5 14 8 5 8 14 4 5 9 12 10 8 9 2 10 3 10 10 13 3 8 10 13 13 9 15 10 12 9 7 7 2 10 8 9 8 11 9 5 10 5 11 9 6 13 15 13 12 12 14 
3 13 4 9 10 8 14 8 10 8 11 10 10 10 9 8 5 9 4 7 12 10 7 3 10 7 9 10 7 7 10 8 7 4 10 5 6 7 4 5 6 4 15 10 8 10 7 14 10 10 3 8 10 7 14 15 9 5 6 12 10 7 9 14 15 9 4 10 12 9 2 9 13 4 8 6 10 9 9 12 8 3 9 5 15 4 5 14 3 4 8 9 9 10 7 9 15 6 9 10 15 15 7 8 9 10 5 15 3 5 11 3 15 4 7 7 13 6 10 16 11 11 4 11 6 8 2 8 5 13 5 14 8 5 8 14 4 5 9 12 10 8 9 2 10 3 10 10 13 3 8 10 13 13 9 15 10 12 9 7 7 2 10 8 9 8 11 9 5 10 5 11 9 6 13 15 13 12 12 14 
3 13 4 9 10 8 14 8 10 8 11 10 10 10 9 8 5 9 4 7 12 10 7 3 10 7 9 10 7 7 10 8 7 4 10 5 6 7 4 5 6 4 15 10 8 10 7 14 10 10 3 8 10 7 14 15 9 5 6 12 10 7 9 14 15 9 4 10 12 9 2 9 13 4 8 6 10 9 9 12 8 3 9 5 15 4 5 14 3 4 8 9 9 10 7 9 15 6 9 10 15 15 7 8 9 10 5 15 3 5 11 3 15 4 7 7 13 6 10 16 11 11 4 11 6 8 2 8 5 13 5 14 8 5 8 14 4 5 9 12 10 8 9 2 10 3 10 10 13 3 8 10 13 13 9 15 10 12 9 7 7 2 10 8 9 8 11 9 5 10 5 11 9 6 13 15 13 12 12 14 
3 13 4 9 10 8 14 8 10 8 11 10 10 10 9 8 5 9 4 7 12 10 7 3 10 7 9 10 7 7 10 8 7 4 10 5 6 7 4 5 6 4 15 10 8 10 7 14 10 10 3 8 10 7 14 15 9 5 6 12 10 7 9 14 15 9 4 10 12 9 2 9 13 4 8 6 10 9 9 12 8 3 9 5 15 4 5 14 3 4 8 9 9 10 7 9 15 6 9 10 15 15 7 8 9 10 5 15 3 5 11 3 15 4 7 7 13 6 10 16 11 11 4 11 6 8 2 8 5 13 5 14 8 5 8 14 4 5 9 12 10 8 9 2 10 3 10 10 13 3 8 10 13 13 9 15 10 12 9 7 7 2 10 8 9 8 11 9 5 10 5 11 9 6 13 15 13 12 12 14 
3 13 4 9 10 8 14 8 10 8 11 10 10 10 9 8 5 9 4 7 12 10 7 3 10 7 9 10 7 7 10 8 7 4 10 5 6 7 4 5 6 4 15 10 8 10 7 14 10 10 3 8 10 7 14 15 9 5 6 12 10 7 9 14 15 9 4 10 12 9 2 9 13 4 8 6 10 9 9 12 8 3 9 5 15 4 5 14 3 4 8 9 9 10 7 9 15 6 9 10 15 15 7 8 9 10 5 15 3 5 11 3 15 4 7 7 13 6 10 16 11 11 4 11 6 8 2 8 5 13 5 14 8 5 8 14 4 5 9 12 10 8 9 2 10 3 10 10 13 3 8 10 13 13 9 15 10 12 9 7 7 2 10 8 9 8 11 9 5 10 5 11 9 6 13 15 13 12 12 14 
3 13 4 9 10 8 14 8 10 8 11 10 10 10 9 8 5 9 4 7 12 10 7 3 10 7 9 10 7 7 10 8 7 4 10 5 6 7 4 5 6 4 15 10 8 10 7 14 10 10 3 8 10 7 14 15 9 5 6 12 10 7 9 14 15 9 4 10 12 9 2 9 13 4 8 6 10 9 9 12 8 3 9 5 15 4 5 14 3 4 8 9 9 10 7 9 15 6 9 10 15 15 7 8 9 10 5 15 3 5 11 3 15 4 7 7 13 6 10 16 11 11 4 11 6 8 2 8 5 13 5 14 8 5 8 14 4 5 9 12 10 8 9 2 10 3 10 10 13 3 8 10 13 13 9 15 10 12 9 7 7 2 10 8 9 8 11 9 5 10 5 11 9 6 13 15 13 12 12 14 
3 13 4 9 10 8 14 8 10 8 11 10 10 10 9 8 5 9 4 7 12 10 7 3 10 7 9 10 7 7 10 8 7 4 10 5 6 7 4 5 6 4 15 10 8 10 7 14 10 10 3 8 10 7 14 15 9 5 6 12 10 7 9 14 15 9 4 10 12 9 2 9 13 4 8 6 10 9 9 12 8 3 9 5 15 4 5 14 3 4 8 9 9 10 7 9 15 6 9 10 15 15 7 8 9 10 5 15 3 5 11 3 15 4 7 7 13 6 10 16 11 11 4 11 6 8 2 8 5 13 5 14 8 5 8 14 4 5 9 12 10 8 9 2 10 3 10 10 13 3 8 10 13 13 9 15 10 12 9 7 7 2 10 8 9 8 11 9 5 10 5 11 9 6 13 15 13 12 12 14 
3 13 4 9 10 8 14 8 10 8 11 10 10 10 9 8 5 9 4 7 12 10 7 3 10 7 9 10 7 7 10 8 7 4 10 5 6 7 4 5 6 4 15 10 8 10 7 14 10 10 3 8 10 7 14 15 9 5 6 12 10 7 9 14 15 9 4 10 12 9 2 9 13 4 8 6 10 9 9 12 8 3 9 5 15 4 5 14 3 4 8 9 9 10 7 9 15 6 9 10 15 15 7 8 9 10 5 15 3 5 11 3 15 4 7 7 13 6 10 16 11 11 4 11 6 8 2 8 5 13 5 14 8 5 8 14 4 5 9 12 10 8 9 2 10 3 10 10 13 3 8 10 13 13 9 15 10 12 9 7 7 2 10 8 9 8 11 9 5 10 5 11 9 6 13 15 13 12 12 14 
3 13 4 9 10 8 14 8 10 8 11 10 10 10 9 8 5 9 4 7 12 10 7 3 10 7 9 10 7 7 10 8 7 4 10 5 6 7 4 5 6 4 15 10 8 10 7 14 10 10 3 8 10 7 14 15 9 5 6 12 10 7 9 14 15 9 4 10 12 9 2 9 13 4 8 6 10 9 9 12 8 3 9 5 15 4 5 14 3 4 8 9 9 10 7 9 15 6 9 10 15 15 7 8 9 10 5 15 3 5 11 3 15 4 7 7 13 6 10 16 11 11 4 11 6 8 2 8 5 13 5 14 8 5 8 14 4 5 9 12 10 8 9 2 10 3 10 10 13 3 8 10 13 13 9 15 10 12 9 7 7 2 10 8 9 8 11 9 5 10 5 11 9 6 13 15 13 12 12 14 
3 13 4 9 10 8 14 8 10 8 11 10 10 10 9 8 5 9 4 7 12 10 7 3 10 7 9 10 7 7 10 8 7 4 10 5 6 7 4 5 6 4 15 10 8 10 7 14 10 10 3 8 10 7 14 15 9 5 6 12 10 7 9 14 15 9 4 10 12 9 2 9 13 4 8 6 10 9 9 12 8 3 9 5 15 4 5 14 3 4 8 9 9 10 7 9 15 6 9 10 15 15 7 8 9 10 5 15 3 5 11 3 15 4 7 7 13 6 10 16 11 11 4 11 6 8 2 8 5 13 5 14 8 5 8 14 4 5 9 12 10 8 9 2 10 3 10 10 13 3 8 10 13 13 9 15 10 12 9 7 7 2 10 8 9 8 11 9 5 10 5 11 9 6 13 15 13 12 12 14 
3 13 4 9 10 8 14 8 10 8 11 10 10 10 9 8 5 9 4 7 12 10 7 3 10 7 9 10 7 7 10 8 7 4 10 5 6 7 4 5 6 4 15 10 8 10 7 14 10 10 3 8 10 7 14 15 9 5 6 12 10 7 9 14 15 9 4 10 12 9 2 9 13 4 8 6 10 9 9 12 8 3 9 5 15 4 5 14 3 4 8 9 9 10 7 9 15 6 9 10 15 15 7 8 9 10 5 15 3 5 11 3 15 4 7 7 13 6 10 16 11 11 4 11 6 8 2 8 5 13 5 14 8 5 8 14 4 5 9 12 10 8 9 2 10 3 10 10 13 3 8 10 13 13 9 15 10 12 9 7 7 2 10 8 9 8 11 9 5 10 5 11 9 6 13 15 13 12 12 14 
3 13 4 9 10 8 14 8 10 8 11 10 10 10 9 8 5 9 4 7 12 10 7 3 10 7 9 10 7 7 10 8 7 4 10 5 6 7 4 5 6 4 15 10 8 10 7 14 10 10 3 8 10 7 14 15 9 5 6 12 10 7 9 14 15 9 4 10 12 9 2 9 13 4 8 6 10 9 9 12 8 3 9 5 15 4 5 14 3 4 8 9 9 10 7 9 15 6 9 10 15 15 7 8 9 10 5 15 3 5 11 3 15 4 7 7 13 6 10 16 11 11 4 11 6 8 2 8 5 13 5 14 8 5 8 14 4 5 9 12 10 8 9 2 10 3 10 10 13 3 8 10 13 13 9 15 10 12 9 7 7 2 10 8 9 8 11 9 5 10 5 11 9 6 13 15 13 12 12 14 
3 13 4 9 10 8 14 8 10 8 11 10 10 10 9 8 5 9 4 7 12 10 7 3 10 7 9 10 7 7 10 8 7 4 10 5 6 7 4 5 6 4 15 10 8 10 7 14 10 10 3 8 10 7 14 15 9 5 6 12 10 7 9 14 15 9 4 10 12 9 2 9 13 4 8 6 10 9 9 12 8 3 9 5 15 4 5 14 3 4 8 9 9 10 7 9 15 6 9 10 15 15 7 8 9 10 5 15 3 5 11 3 15 4 7 7 13 6 10 16 11 11 4 11 6 8 2 8 5 13 5 14 8 5 8 14 4 5 9 12 10 8 9 2 10 3 10 10 13 3 8 10 13 13 9 15 10 12 9 7 7 2 10 8 9 8 11 9 5 10 5 11 9 6 13 15 13 12 12 14 
3 13 4 9 10 8 14 8 10 8 11 10 10 10 9 8 5 9 4 7 12 10 7 3 10 7 9 10 7 7 10 8 7 4 10 5 6 7 4 5 6 4 15 10 8 10 7 14 10 10 3 8 10 7 14 15 9 5 6 12 10 7 9 14 15 9 4 10 12 9 2 9 13 4 8 6 10 9 9 12 8 3 9 5 15 4 5 14 3 4 8 9 9 10 7 9 15 6 9 10 15 15 7 8 9 10 5 15 3 5 11 3 15 4 7 7 13 6 10 16 11 11 4 11 6 8 2 8 5 13 5 14 8 5 8 14 4 5 9 12 10 8 9 2 10 3 10 10 13 3 8 10 13 13 9 15 10 12 9 7 7 2 10 8 9 8 11 9 5 10 5 11 9 6 13 15 13 12 12 14 
3 13 4 9 10 8 14 8 10 8 11 10 10 10 9 8 5 9 4 7 12 10 7 3 10 7 9 10 7 7 10 8 7 4 10 5 6 7 4 5 6 4 15 10 8 10 7 14 10 10 3 8 10 7 14 15 9 5 6 12 10 7 9 14 15 9 4 10 12 9 2 9 13 4 8 6 10 9 9 12 8 3 9 5 15 4 5 14 3 4 8 9 9 10 7 9 15 6 9 10 15 15 7 8 9 10 5 15 3 5 11 3 15 4 7 7 13 6 10 16 11 11 4 11 6 8 2 8 5 13 5 14 8 5 8 14 4 5 9 12 10 8 9 2 10 3 10 10 13 3 8 10 13 13 9 15 10 12 9 7 7 2 10 8 9 8 11 9 5 10 5 11 9 6 13 15 13 12 12 14 
3 13 4 9 10 8 14 8 10 8 11 10 10 10 9 8 5 9 4 7 12 10 7 3 10 7 9 10 7 7 10 8 7 4 10 5 6 7 4 5 6 4 15 10 8 10 7 14 10 10 3 8 10 7 14 15 9 5 6 12 10 7 9 14 15 9 4 10 12 9 2 9 13 4 8 6 10 9 9 12 8 3 9 5 15 4 5 14 3 4 8 9 9 10 7 9 15 6 9 10 15 15 7 8 9 10 5 15 3 5 11 3 15 4 7 7 13 6 10 16 11 11 4 11 6 8 2 8 5 13 5 14 8 5 8 14 4 5 9 12 10 8 9 2 10 3 10 10 13 3 8 10 13 13 9 15 10 12 9 7 7 2 10 8 9 8 11 9 5 10 5 11 9 6 13 15 13 12 12 14 
3 13 4 9 10 8 14 8 10 8 11 10 10 10 9 8 5 9 4 7 12 10 7 3 10 7 9 10 7 7 10 8 7 4 10 5 6 7 4 5 6 4 15 10 8 10 7 14 10 10 3 8 10 7 14 15 9 5 6 12 10 7 9 14 15 9 4 10 12 9 2 9 13 4 8 6 10 9 9 12 8 3 9 5 15 4 5 14 3 4 8 9 9 10 7 9 15 6 9 10 15 15 7 8 9 10 5 15 3 5 11 3 15 4 7 7 13 6 10 16 11 11 4 11 6 8 2 8 5 13 5 14 8 5 8 14 4 5 9 12 10 8 9 2 10 3 10 10 13 3 8 10 13 13 9 15 10 12 9 7 7 2 10 8 9 8 11 9 5 10 5 11 9 6 13 15 13 12 12 14 
3 13 4 9 10 8 14 8 10 8 11 10 10 10 9 8 5 9 4 7 12 10 7 3 10 7 9 10 7 7 10 8 7 4 10 5 6 7 4 5 6 4 15 10 8 10 7 14 10 10 3 8 10 7 14 15 9 5 6 12 10 7 9 14 15 9 4 10 12 9 2 9 13 4 8 6 10 9 9 12 8 3 9 5 15 4 5 14 3 4 8 9 9 10 7 9 15 6 9 10 15 15 7 8 9 10 5 15 3 5 11 3 15 4 7 7 13 6 10 16 11 11 4 11 6 8 2 8 5 13 5 14 8 5 8 14 4 5 9 12 10 8 9 2 10 3 10 10 13 3 8 10 13 13 9 15 10 12 9 7 7 2 10 8 9 8 11 9 5 10 5 11 9 6 13 15 13 12 12 14 
3 13 4 9 10 8 14 8 10 8 11 10 10 10 9 8 5 9 4 7 12 10 7 3 10 7 9 10 7 7 10 8 7 4 10 5 6 7 4 5 6 4 15 10 8 10 7 14 10 10 3 8 10 7 14 15 9 5 6 12 10 7 9 14 15 9 4 10 12 9 2 9 13 4 8 6 10 9 9 12 8 3 9 5 15 4 5 14 3 4 8 9 9 10 7 9 15 6 9 10 15 15 7 8 9 10 5 15 3 5 11 3 15 4 7 7 13 6 10 16 11 11 4 11 6 8 2 8 5 13 5 14 8 5 8 14 4 5 9 12 10 8 9 2 10 3 10 10 13 3 8 10 13 13 9 15 10 12 9 7 7 2 10 8 9 8 11 9 5 10 5 11 9 6 13 15 13 12 12 14 
3 13 4 9 10 8 14 8 10 8 11 10 10 10 9 8 5 9 4 7 12 10 7 3 10 7 9 10 7 7 10 8 7 4 10 5 6 7 4 5 6 4 15 10 8 10 7 14 10 10 3 8 10 7 14 15 9 5 6 12 10 7 9 14 15 9 4 10 12 9 2 9 13 4 8 6 10 9 9 12 8 3 9 5 15 4 5 14 3 4 8 9 9 10 7 9 15 6 9 10 15 15 7 8 9 10 5 15 3 5 11 3 15 4 7 7 13 6 10 16 11 11 4 11 6 8 2 8 5 13 5 14 8 5 8 14 4 5 9 12 10 8 9 2 10 3 10 10 13 3 8 10 13 13 9 15 10 12 9 7 7 2 10 8 9 8 11 9 5 10 5 11 9 6 13 15 13 12 12 14 
3 13 4 9 10 8 14 8 10 8 11 10 10 10 9 8 5 9 4 7 12 10 7 3 10 7 9 10 7 7 10 8 7 4 10 5 6 7 4 5 6 4 15 10 8 10 7 14 10 10 3 8 10 7 14 15 9 5 6 12 10 7 9 14 15 9 4 10 12 9 2 9 13 4 8 6 10 9 9 12 8 3 9 5 15 4 5 14 3 4 8 9 9 10 7 9 15 6 9 10 15 15 7 8 9 10 5 15 3 5 11 3 15 4 7 7 13 6 10 16 11 11 4 11 6 8 2 8 5 13 5 14 8 5 8 14 4 5 9 12 10 8 9 2 10 3 10 10 13 3 8 10 13 13 9 15 10 12 9 7 7 2 10 8 9 8 11 9 5 10 5 11 9 6 13 15 13 12 12 14 
3 13 4 9 10 8 14 8 10 8 11 10 10 10 9 8 5 9 4 7 12 10 7 3 10 7 9 10 7 7 10 8 7 4 10 5 6 7 4 5 6 4 15 10 8 10 7 14 10 10 3 8 10 7 14 15 9 5 6 12 10 7 9 14 15 9 4 10 12 9 2 9 13 4 8 6 10 9 9 12 8 3 9 5 15 4 5 14 3 4 8 9 9 10 7 9 15 6 9 10 15 15 7 8 9 10 5 15 3 5 11 3 15 4 7 7 13 6 10 16 11 11 4 11 6 8 2 8 5 13 5 14 8 5 8 14 4 5 9 12 10 8 9 2 10 3 10 10 13 3 8 10 13 13 9 15 10 12 9 7 7 2 10 8 9 8 11 9 5 10 5 11 9 6 13 15 13 12 12 14 
3 13 4 9 10 8 14 8 10 8 11 10 10 10 9 8 5 9 4 7 12 10 7 3 10 7 9 10 7 7 10 8 7 4 10 5 6 7 4 5 6 4 15 10 8 10 7 14 10 10 3 8 10 7 14 15 9 5 6 12 10 7 9 14 15 9 4 10 12 9 2 9 13 4 8 6 10 9 9 12 8 3 9 5 15 4 5 14 3 4 8 9 9 10 7 9 15 6 9 10 15 15 7 8 9 10 5 15 3 5 11 3 15 4 7 7 13 6 10 16 11 11 4 11 6 8 2 8 5 13 5 14 8 5 8 14 4 5 9 12 10 8 9 2 10 3 10 10 13 3 8 10 13 13 9 15 10 12 9 7 7 2 10 8 9 8 11 9 5 10 5 11 9 6 13 15 13 12 12 14 
3 13 4 9 10 8 14 8 10 8 11 10 10 10 9 8 5 9 4 7 12 10 7 3 10 7 9 10 7 7 10 8 7 4 10 5 6 7 4 5 6 4 15 10 8 10 7 14 10 10 3 8 10 7 14 15 9 5 6 12 10 7 9 14 15 9 4 10 12 9 2 9 13 4 8 6 10 9 9 12 8 3 9 5 15 4 5 14 3 4 8 9 9 10 7 9 15 6 9 10 15 15 7 8 9 10 5 15 3 5 11 3 15 4 7 7 13 6 10 16 11 11 4 11 6 8 2 8 5 13 5 14 8 5 8 14 4 5 9 12 10 8 9 2 10 3 10 10 13 3 8 10 13 13 9 15 10 12 9 7 7 2 10 8 9 8 11 9 5 10 5 11 9 6 13 15 13 12 12 14 
3 13 4 9 10 8 14 8 10 8 11 10 10 10 9 8 5 9 4 7 12 10 7 3 10 7 9 10 7 7 10 8 7 4 10 5 6 7 4 5 6 4 15 10 8 10 7 14 10 10 3 8 10 7 14 15 9 5 6 12 10 7 9 14 15 9 4 10 12 9 2 9 13 4 8 6 10 9 9 12 8 3 9 5 15 4 5 14 3 4 8 9 9 10 7 9 15 6 9 10 15 15 7 8 9 10 5 15 3 5 11 3 15 4 7 7 13 6 10 16 11 11 4 11 6 8 2 8 5 13 5 14 8 5 8 14 4 5 9 12 10 8 9 2 10 3 10 10 13 3 8 10 13 13 9 15 10 12 9 7 7 2 10 8 9 8 11 9 5 10 5 11 9 6 13 15 13 12 12 14 
3 13 4 9 10 8 14 8 10 8 11 10 10 10 9 8 5 9 4 7 12 10 7 3 10 7 9 10 7 7 10 8 7 4 10 5 6 7 4 5 6 4 15 10 8 10 7 14 10 10 3 8 10 7 14 15 9 5 6 12 10 7 9 14 15 9 4 10 12 9 2 9 13 4 8 6 10 9 9 12 8 3 9 5 15 4 5 14 3 4 8 9 9 10 7 9 15 6 9 10 15 15 7 8 9 10 5 15 3 5 11 3 15 4 7 7 13 6 10 16 11 11 4 11 6 8 2 8 5 13 5 14 8 5 8 14 4 5 9 12 10 8 9 2 10 3 10 10 13 3 8 10 13 13 9 15 10 12 9 7 7 2 10 8 9 8 11 9 5 10 5 11 9 6 13 15 13 12 12 14 
3 13 4 9 10 8 14 8 10 8 11 10 10 10 9 8 5 9 4 7 12 10 7 3 10 7 9 10 7 7 10 8 7 4 10 5 6 7 4 5 6 4 15 10 8 10 7 14 10 10 3 8 10 7 14 15 9 5 6 12 10 7 9 14 15 9 4 10 12 9 2 9 13 4 8 6 10 9 9 12 8 3 9 5 15 4 5 14 3 4 8 9 9 10 7 9 15 6 9 10 15 15 7 8 9 10 5 15 3 5 11 3 15 4 7 7 13 6 10 16 11 11 4 11 6 8 2 8 5 13 5 14 8 5 8 14 4 5 9 12 10 8 9 2 10 3 10 10 13 3 8 10 13 13 9 15 10 12 9 7 7 2 10 8 9 8 11 9 5 10 5 11 9 6 13 15 13 12 12 14 
3 13 4 9 10 8 14 8 10 8 11 10 10 10 9 8 5 9 4 7 12 10 7 3 10 7 9 10 7 7 10 8 7 4 10 5 6 7 4 5 6 4 15 10 8 10 7 14 10 10 3 8 10 7 14 15 9 5 6 12 10 7 9 14 15 9 4 10 12 9 2 9 13 4 8 6 10 9 9 12 8 3 9 5 15 4 5 14 3 4 8 9 9 10 7 9 15 6 9 10 15 15 7 8 9 10 5 15 3 5 11 3 15 4 7 7 13 6 10 16 11 11 4 11 6 8 2 8 5 13 5 14 8 5 8 14 4 5 9 12 10 8 9 2 10 3 10 10 13 3 8 10 13 13 9 15 10 12 9 7 7 2 10 8 9 8 11 9 5 10 5 11 9 6 13 15 13 12 12 14 
3 13 4 9 10 8 14 8 10 8 11 10 10 10 9 8 5 9 4 7 12 10 7 3 10 7 9 10 7 7 10 8 7 4 10 5 6 7 4 5 6 4 15 10 8 10 7 14 10 10 3 8 10 7 14 15 9 5 6 12 10 7 9 14 15 9 4 10 12 9 2 9 13 4 8 6 10 9 9 12 8 3 9 5 15 4 5 14 3 4 8 9 9 10 7 9 15 6 9 10 15 15 7 8 9 10 5 15 3 5 11 3 15 4 7 7 13 6 10 16 11 11 4 11 6 8 2 8 5 13 5 14 8 5 8 14 4 5 9 12 10 8 9 2 10 3 10 10 13 3 8 10 13 13 9 15 10 12 9 7 7 2 10 8 9 8 11 9 5 10 5 11 9 6 13 15 13 12 12 14 
3 13 4 9 10 8 14 8 10 8 11 10 10 10 9 8 5 9 4 7 12 10 7 3 10 7 9 10 7 7 10 8 7 4 10 5 6 7 4 5 6 4 15 10 8 10 7 14 10 10 3 8 10 7 14 15 9 5 6 12 10 7 9 14 15 9 4 10 12 9 2 9 13 4 8 6 10 9 9 12 8 3 9 5 15 4 5 14 3 4 8 9 9 10 7 9 15 6 9 10 15 15 7 8 9 10 5 15 3 5 11 3 15 4 7 7 13 6 10 16 11 11 4 11 6 8 2 8 5 13 5 14 8 5 8 14 4 5 9 12 10 8 9 2 10 3 10 10 13 3 8 10 13 13 9 15 10 12 9 7 7 2 10 8 9 8 11 9 5 10 5 11 9 6 13 15 13 12 12 14 
3 13 4 9 10 8 14 8 10 8 11 10 10 10 9 8 5 9 4 7 12 10 7 3 10 7 9 10 7 7 10 8 7 4 10 5 6 7 4 5 6 4 15 10 8 10 7 14 10 10 3 8 10 7 14 15 9 5 6 12 10 7 9 14 15 9 4 10 12 9 2 9 13 4 8 6 10 9 9 12 8 3 9 5 15 4 5 14 3 4 8 9 9 10 7 9 15 6 9 10 15 15 7 8 9 10 5 15 3 5 11 3 15 4 7 7 13 6 10 16 11 11 4 11 6 8 2 8 5 13 5 14 8 5 8 14 4 5 9 12 10 8 9 2 10 3 10 10 13 3 8 10 13 13 9 15 10 12 9 7 7 2 10 8 9 8 11 9 5 10 5 11 9 6 13 15 13 12 12 14 
3 13 4 9 10 8 14 8 10 8 11 10 10 10 9 8 5 9 4 7 12 10 7 3 10 7 9 10 7 7 10 8 7 4 10 5 6 7 4 5 6 4 15 10 8 10 7 14 10 10 3 8 10 7 14 15 9 5 6 12 10 7 9 14 15 9 4 10 12 9 2 9 13 4 8 6 10 9 9 12 8 3 9 5 15 4 5 14 3 4 8 9 9 10 7 9 15 6 9 10 15 15 7 8 9 10 5 15 3 5 11 3 15 4 7 7 13 6 10 16 11 11 4 11 6 8 2 8 5 13 5 14 8 5 8 14 4 5 9 12 10 8 9 2 10 3 10 10 13 3 8 10 13 13 9 15 10 12 9 7 7 2 10 8 9 8 11 9 5 10 5 11 9 6 13 15 13 12 12 14 
3 13 4 9 10 8 14 8 10 8 11 10 10 10 9 8 5 9 4 7 12 10 7 3 10 7 9 10 7 7 10 8 7 4 10 5 6 7 4 5 6 4 15 10 8 10 7 14 10 10 3 8 10 7 14 15 9 5 6 12 10 7 9 14 15 9 4 10 12 9 2 9 13 4 8 6 10 9 9 12 8 3 9 5 15 4 5 14 3 4 8 9 9 10 7 9 15 6 9 10 15 15 7 8 9 10 5 15 3 5 11 3 15 4 7 7 13 6 10 16 11 11 4 11 6 8 2 8 5 13 5 14 8 5 8 14 4 5 9 12 10 8 9 2 10 3 10 10 13 3 8 10 13 13 9 15 10 12 9 7 7 2 10 8 9 8 11 9 5 10 5 11 9 6 13 15 13 12 12 14 
3 13 4 9 10 8 14 8 10 8 11 10 10 10 9 8 5 9 4 7 12 10 7 3 10 7 9 10 7 7 10 8 7 4 10 5 6 7 4 5 6 4 15 10 8 10 7 14 10 10 3 8 10 7 14 15 9 5 6 12 10 7 9 14 15 9 4 10 12 9 2 9 13 4 8 6 10 9 9 12 8 3 9 5 15 4 5 14 3 4 8 9 9 10 7 9 15 6 9 10 15 15 7 8 9 10 5 15 3 5 11 3 15 4 7 7 13 6 10 16 11 11 4 11 6 8 2 8 5 13 5 14 8 5 8 14 4 5 9 12 10 8 9 2 10 3 10 10 13 3 8 10 13 13 9 15 10 12 9 7 7 2 10 8 9 8 11 9 5 10 5 11 9 6 13 15 13 12 12 14 
