9 10 5 7 13 11 12 10 15 7 8 8 11 8 6 7 12 9 8 7 5 6 10 11 13 9 5 6 4 8 12 11 10 15 7 5 11 8 4 13 10 14 7 6 6 10 12 10 9 11 13 9 4 4 14 5 12 8 13 14 
9 10 5 7 13 11 12 10 15 7 8 8 11 8 6 7 12 9 8 7 5 6 10 11 13 9 5 6 4 8 12 11 10 15 7 5 11 8 4 13 10 14 7 6 6 10 12 10 9 11 13 9 4 4 14 5 12 8 13 14 
9 10 5 7 13 11 12 10 15 7 8 8 11 8 6 7 12 9 8 7 5 6 10 11 13 9 5 6 4 8 12 11 10 15 7 5 11 8 4 13 10 14 7 6 6 10 12 10 9 11 13 9 4 4 14 5 12 8 13 14 
9 10 5 7 13 11 12 10 15 7 8 8 11 8 6 7 12 9 8 7 5 6 10 11 13 9 5 6 4 8 12 11 10 15 7 5 11 8 4 13 10 14 7 6 6 10 12 10 9 11 13 9 4 4 14 5 12 8 13 14 
9 10 5 7 13 11 12 10 15 7 8 8 11 8 6 7 12 9 8 7 5 6 10 11 13 9 5 6 4 8 12 11 10 15 7 5 11 8 4 13 10 14 7 6 6 10 12 10 9 11 13 9 4 4 14 5 12 8 13 14 
9 10 5 7 13 11 12 10 15 7 8 8 11 8 6 7 12 9 8 7 5 6 10 11 13 9 5 6 4 8 12 11 10 15 7 5 11 8 4 13 10 14 7 6 6 10 12 10 9 11 13 9 4 4 14 5 12 8 13 14 
9 10 5 7 13 11 12 10 15 7 8 8 11 8 6 7 12 9 8 7 5 6 10 11 13 9 5 6 4 8 12 11 10 15 7 5 11 8 4 13 10 14 7 6 6 10 12 10 9 11 13 9 4 4 14 5 12 8 13 14 
9 10 5 7 13 11 12 10 15 7 8 8 11 8 6 7 12 9 8 7 5 6 10 11 13 9 5 6 4 8 12 11 10 15 7 5 11 8 4 13 10 14 7 6 6 10 12 10 9 11 13 9 4 4 14 5 12 8 13 14 
9 10 5 7 13 11 12 10 15 7 8 8 11 8 6 7 12 9 8 7 5 6 10 11 13 9 5 6 4 8 12 11 10 15 7 5 11 8 4 13 10 14 7 6 6 10 12 10 9 11 13 9 4 4 14 5 12 8 13 14 
9 10 5 7 13 11 12 10 15 7 8 8 11 8 6 7 12 9 8 7 5 6 10 11 13 9 5 6 4 8 12 11 10 15 7 5 11 8 4 13 10 14 7 6 6 10 12 10 9 11 13 9 4 4 14 5 12 8 13 14 
9 10 5 7 13 11 12 10 15 7 8 8 11 8 6 7 12 9 8 7 5 6 10 11 13 9 5 6 4 8 12 11 10 15 7 5 11 8 4 13 10 14 7 6 6 10 12 10 9 11 13 9 4 4 14 5 12 8 13 14 
9 10 5 7 13 11 12 10 15 7 8 8 11 8 6 7 12 9 8 7 5 6 10 11 13 9 5 6 4 8 12 11 10 15 7 5 11 8 4 13 10 14 7 6 6 10 12 10 9 11 13 9 4 4 14 5 12 8 13 14 
9 10 5 7 13 11 12 10 15 7 8 8 11 8 6 7 12 9 8 7 5 6 10 11 13 9 5 6 4 8 12 11 10 15 7 5 11 8 4 13 10 14 7 6 6 10 12 10 9 11 13 9 4 4 14 5 12 8 13 14 
9 10 5 7 13 11 12 10 15 7 8 8 11 8 6 7 12 9 8 7 5 6 10 11 13 9 5 6 4 8 12 11 10 15 7 5 11 8 4 13 10 14 7 6 6 10 12 10 9 11 13 9 4 4 14 5 12 8 13 14 
9 10 5 7 13 11 12 10 15 7 8 8 11 8 6 7 12 9 8 7 5 6 10 11 13 9 5 6 4 8 12 11 10 15 7 5 11 8 4 13 10 14 7 6 6 10 12 10 9 11 13 9 4 4 14 5 12 8 13 14 
9 10 5 7 13 11 12 10 15 7 8 8 11 8 6 7 12 9 8 7 5 6 10 11 13 9 5 6 4 8 12 11 10 15 7 5 11 8 4 13 10 14 7 6 6 10 12 10 9 11 13 9 4 4 14 5 12 8 13 14 
9 10 5 7 13 11 12 10 15 7 8 8 11 8 6 7 12 9 8 7 5 6 10 11 13 9 5 6 4 8 12 11 10 15 7 5 11 8 4 13 10 14 7 6 6 10 12 10 9 11 13 9 4 4 14 5 12 8 13 14 
9 10 5 7 13 11 12 10 15 7 8 8 11 8 6 7 12 9 8 7 5 6 10 11 13 9 5 6 4 8 12 11 10 15 7 5 11 8 4 13 10 14 7 6 6 10 12 10 9 11 13 9 4 4 14 5 12 8 13 14 
9 10 5 7 13 11 12 10 15 7 8 8 11 8 6 7 12 9 8 7 5 6 10 11 13 9 5 6 4 8 12 11 10 15 7 5 11 8 4 13 10 14 7 6 6 10 12 10 9 11 13 9 4 4 14 5 12 8 13 14 
9 10 5 7 13 11 12 10 15 7 8 8 11 8 6 7 12 9 8 7 5 6 10 11 13 9 5 6 4 8 12 11 10 15 7 5 11 8 4 13 10 14 7 6 6 10 12 10 9 11 13 9 4 4 14 5 12 8 13 14 
9 10 5 7 13 11 12 10 15 7 8 8 11 8 6 7 12 9 8 7 5 6 10 11 13 9 5 6 4 8 12 11 10 15 7 5 11 8 4 13 10 14 7 6 6 10 12 10 9 11 13 9 4 4 14 5 12 8 13 14 
9 10 5 7 13 11 12 10 15 7 8 8 11 8 6 7 12 9 8 7 5 6 10 11 13 9 5 6 4 8 12 11 10 15 7 5 11 8 4 13 10 14 7 6 6 10 12 10 9 11 13 9 4 4 14 5 12 8 13 14 
9 10 5 7 13 11 12 10 15 7 8 8 11 8 6 7 12 9 8 7 5 6 10 11 13 9 5 6 4 8 12 11 10 15 7 5 11 8 4 13 10 14 7 6 6 10 12 10 9 11 13 9 4 4 14 5 12 8 13 14 
9 10 5 7 13 11 12 10 15 7 8 8 11 8 6 7 12 9 8 7 5 6 10 11 13 9 5 6 4 8 12 11 10 15 7 5 11 8 4 13 10 14 7 6 6 10 12 10 9 11 13 9 4 4 14 5 12 8 13 14 
9 10 5 7 13 11 12 10 15 7 8 8 11 8 6 7 12 9 8 7 5 6 10 11 13 9 5 6 4 8 12 11 10 15 7 5 11 8 4 13 10 14 7 6 6 10 12 10 9 11 13 9 4 4 14 5 12 8 13 14 
9 10 5 7 13 11 12 10 15 7 8 8 11 8 6 7 12 9 8 7 5 6 10 11 13 9 5 6 4 8 12 11 10 15 7 5 11 8 4 13 10 14 7 6 6 10 12 10 9 11 13 9 4 4 14 5 12 8 13 14 
9 10 5 7 13 11 12 10 15 7 8 8 11 8 6 7 12 9 8 7 5 6 10 11 13 9 5 6 4 8 12 11 10 15 7 5 11 8 4 13 10 14 7 6 6 10 12 10 9 11 13 9 4 4 14 5 12 8 13 14 
9 10 5 7 13 11 12 10 15 7 8 8 11 8 6 7 12 9 8 7 5 6 10 11 13 9 5 6 4 8 12 11 10 15 7 5 11 8 4 13 10 14 7 6 6 10 12 10 9 11 13 9 4 4 14 5 12 8 13 14 
9 10 5 7 13 11 12 10 15 7 8 8 11 8 6 7 12 9 8 7 5 6 10 11 13 9 5 6 4 8 12 11 10 15 7 5 11 8 4 13 10 14 7 6 6 10 12 10 9 11 13 9 4 4 14 5 12 8 13 14 
9 10 5 7 13 11 12 10 15 7 8 8 11 8 6 7 12 9 8 7 5 6 10 11 13 9 5 6 4 8 12 11 10 15 7 5 11 8 4 13 10 14 7 6 6 10 12 10 9 11 13 9 4 4 14 5 12 8 13 14 
