11 8 5 13 10 11 8 11 13 8 12 7 4 15 9 8 9 11 7 10 14 13 7 11 16 6 11 9 7 12 7 10 10 9 10 9 6 10 9 12 6 4 11 6 4 14 7 12 6 9 14 4 10 11 13 7 11 13 7 9 14 9 7 10 7 5 9 7 9 9 11 7 2 7 9 15 11 6 16 7 10 7 3 4 15 12 10 9 10 11 13 11 10 7 10 9 10 12 5 11 12 10 9 13 10 16 5 11 5 12 6 10 11 6 10 14 8 8 4 13 
11 8 5 13 10 11 8 11 13 8 12 7 4 15 9 8 9 11 7 10 14 13 7 11 16 6 11 9 7 12 7 10 10 9 10 9 6 10 9 12 6 4 11 6 4 14 7 12 6 9 14 4 10 11 13 7 11 13 7 9 14 9 7 10 7 5 9 7 9 9 11 7 2 7 9 15 11 6 16 7 10 7 3 4 15 12 10 9 10 11 13 11 10 7 10 9 10 12 5 11 12 10 9 13 10 16 5 11 5 12 6 10 11 6 10 14 8 8 4 13 
11 8 5 13 10 11 8 11 13 8 12 7 4 15 9 8 9 11 7 10 14 13 7 11 16 6 11 9 7 12 7 10 10 9 10 9 6 10 9 12 6 4 11 6 4 14 7 12 6 9 14 4 10 11 13 7 11 13 7 9 14 9 7 10 7 5 9 7 9 9 11 7 2 7 9 15 11 6 16 7 10 7 3 4 15 12 10 9 10 11 13 11 10 7 10 9 10 12 5 11 12 10 9 13 10 16 5 11 5 12 6 10 11 6 10 14 8 8 4 13 
11 8 5 13 10 11 8 11 13 8 12 7 4 15 9 8 9 11 7 10 14 13 7 11 16 6 11 9 7 12 7 10 10 9 10 9 6 10 9 12 6 4 11 6 4 14 7 12 6 9 14 4 10 11 13 7 11 13 7 9 14 9 7 10 7 5 9 7 9 9 11 7 2 7 9 15 11 6 16 7 10 7 3 4 15 12 10 9 10 11 13 11 10 7 10 9 10 12 5 11 12 10 9 13 10 16 5 11 5 12 6 10 11 6 10 14 8 8 4 13 
11 8 5 13 10 11 8 11 13 8 12 7 4 15 9 8 9 11 7 10 14 13 7 11 16 6 11 9 7 12 7 10 10 9 10 9 6 10 9 12 6 4 11 6 4 14 7 12 6 9 14 4 10 11 13 7 11 13 7 9 14 9 7 10 7 5 9 7 9 9 11 7 2 7 9 15 11 6 16 7 10 7 3 4 15 12 10 9 10 11 13 11 10 7 10 9 10 12 5 11 12 10 9 13 10 16 5 11 5 12 6 10 11 6 10 14 8 8 4 13 
11 8 5 13 10 11 8 11 13 8 12 7 4 15 9 8 9 11 7 10 14 13 7 11 16 6 11 9 7 12 7 10 10 9 10 9 6 10 9 12 6 4 11 6 4 14 7 12 6 9 14 4 10 11 13 7 11 13 7 9 14 9 7 10 7 5 9 7 9 9 11 7 2 7 9 15 11 6 16 7 10 7 3 4 15 12 10 9 10 11 13 11 10 7 10 9 10 12 5 11 12 10 9 13 10 16 5 11 5 12 6 10 11 6 10 14 8 8 4 13 
11 8 5 13 10 11 8 11 13 8 12 7 4 15 9 8 9 11 7 10 14 13 7 11 16 6 11 9 7 12 7 10 10 9 10 9 6 10 9 12 6 4 11 6 4 14 7 12 6 9 14 4 10 11 13 7 11 13 7 9 14 9 7 10 7 5 9 7 9 9 11 7 2 7 9 15 11 6 16 7 10 7 3 4 15 12 10 9 10 11 13 11 10 7 10 9 10 12 5 11 12 10 9 13 10 16 5 11 5 12 6 10 11 6 10 14 8 8 4 13 
11 8 5 13 10 11 8 11 13 8 12 7 4 15 9 8 9 11 7 10 14 13 7 11 16 6 11 9 7 12 7 10 10 9 10 9 6 10 9 12 6 4 11 6 4 14 7 12 6 9 14 4 10 11 13 7 11 13 7 9 14 9 7 10 7 5 9 7 9 9 11 7 2 7 9 15 11 6 16 7 10 7 3 4 15 12 10 9 10 11 13 11 10 7 10 9 10 12 5 11 12 10 9 13 10 16 5 11 5 12 6 10 11 6 10 14 8 8 4 13 
11 8 5 13 10 11 8 11 13 8 12 7 4 15 9 8 9 11 7 10 14 13 7 11 16 6 11 9 7 12 7 10 10 9 10 9 6 10 9 12 6 4 11 6 4 14 7 12 6 9 14 4 10 11 13 7 11 13 7 9 14 9 7 10 7 5 9 7 9 9 11 7 2 7 9 15 11 6 16 7 10 7 3 4 15 12 10 9 10 11 13 11 10 7 10 9 10 12 5 11 12 10 9 13 10 16 5 11 5 12 6 10 11 6 10 14 8 8 4 13 
11 8 5 13 10 11 8 11 13 8 12 7 4 15 9 8 9 11 7 10 14 13 7 11 16 6 11 9 7 12 7 10 10 9 10 9 6 10 9 12 6 4 11 6 4 14 7 12 6 9 14 4 10 11 13 7 11 13 7 9 14 9 7 10 7 5 9 7 9 9 11 7 2 7 9 15 11 6 16 7 10 7 3 4 15 12 10 9 10 11 13 11 10 7 10 9 10 12 5 11 12 10 9 13 10 16 5 11 5 12 6 10 11 6 10 14 8 8 4 13 
11 8 5 13 10 11 8 11 13 8 12 7 4 15 9 8 9 11 7 10 14 13 7 11 16 6 11 9 7 12 7 10 10 9 10 9 6 10 9 12 6 4 11 6 4 14 7 12 6 9 14 4 10 11 13 7 11 13 7 9 14 9 7 10 7 5 9 7 9 9 11 7 2 7 9 15 11 6 16 7 10 7 3 4 15 12 10 9 10 11 13 11 10 7 10 9 10 12 5 11 12 10 9 13 10 16 5 11 5 12 6 10 11 6 10 14 8 8 4 13 
11 8 5 13 10 11 8 11 13 8 12 7 4 15 9 8 9 11 7 10 14 13 7 11 16 6 11 9 7 12 7 10 10 9 10 9 6 10 9 12 6 4 11 6 4 14 7 12 6 9 14 4 10 11 13 7 11 13 7 9 14 9 7 10 7 5 9 7 9 9 11 7 2 7 9 15 11 6 16 7 10 7 3 4 15 12 10 9 10 11 13 11 10 7 10 9 10 12 5 11 12 10 9 13 10 16 5 11 5 12 6 10 11 6 10 14 8 8 4 13 
11 8 5 13 10 11 8 11 13 8 12 7 4 15 9 8 9 11 7 10 14 13 7 11 16 6 11 9 7 12 7 10 10 9 10 9 6 10 9 12 6 4 11 6 4 14 7 12 6 9 14 4 10 11 13 7 11 13 7 9 14 9 7 10 7 5 9 7 9 9 11 7 2 7 9 15 11 6 16 7 10 7 3 4 15 12 10 9 10 11 13 11 10 7 10 9 10 12 5 11 12 10 9 13 10 16 5 11 5 12 6 10 11 6 10 14 8 8 4 13 
11 8 5 13 10 11 8 11 13 8 12 7 4 15 9 8 9 11 7 10 14 13 7 11 16 6 11 9 7 12 7 10 10 9 10 9 6 10 9 12 6 4 11 6 4 14 7 12 6 9 14 4 10 11 13 7 11 13 7 9 14 9 7 10 7 5 9 7 9 9 11 7 2 7 9 15 11 6 16 7 10 7 3 4 15 12 10 9 10 11 13 11 10 7 10 9 10 12 5 11 12 10 9 13 10 16 5 11 5 12 6 10 11 6 10 14 8 8 4 13 
11 8 5 13 10 11 8 11 13 8 12 7 4 15 9 8 9 11 7 10 14 13 7 11 16 6 11 9 7 12 7 10 10 9 10 9 6 10 9 12 6 4 11 6 4 14 7 12 6 9 14 4 10 11 13 7 11 13 7 9 14 9 7 10 7 5 9 7 9 9 11 7 2 7 9 15 11 6 16 7 10 7 3 4 15 12 10 9 10 11 13 11 10 7 10 9 10 12 5 11 12 10 9 13 10 16 5 11 5 12 6 10 11 6 10 14 8 8 4 13 
11 8 5 13 10 11 8 11 13 8 12 7 4 15 9 8 9 11 7 10 14 13 7 11 16 6 11 9 7 12 7 10 10 9 10 9 6 10 9 12 6 4 11 6 4 14 7 12 6 9 14 4 10 11 13 7 11 13 7 9 14 9 7 10 7 5 9 7 9 9 11 7 2 7 9 15 11 6 16 7 10 7 3 4 15 12 10 9 10 11 13 11 10 7 10 9 10 12 5 11 12 10 9 13 10 16 5 11 5 12 6 10 11 6 10 14 8 8 4 13 
11 8 5 13 10 11 8 11 13 8 12 7 4 15 9 8 9 11 7 10 14 13 7 11 16 6 11 9 7 12 7 10 10 9 10 9 6 10 9 12 6 4 11 6 4 14 7 12 6 9 14 4 10 11 13 7 11 13 7 9 14 9 7 10 7 5 9 7 9 9 11 7 2 7 9 15 11 6 16 7 10 7 3 4 15 12 10 9 10 11 13 11 10 7 10 9 10 12 5 11 12 10 9 13 10 16 5 11 5 12 6 10 11 6 10 14 8 8 4 13 
11 8 5 13 10 11 8 11 13 8 12 7 4 15 9 8 9 11 7 10 14 13 7 11 16 6 11 9 7 12 7 10 10 9 10 9 6 10 9 12 6 4 11 6 4 14 7 12 6 9 14 4 10 11 13 7 11 13 7 9 14 9 7 10 7 5 9 7 9 9 11 7 2 7 9 15 11 6 16 7 10 7 3 4 15 12 10 9 10 11 13 11 10 7 10 9 10 12 5 11 12 10 9 13 10 16 5 11 5 12 6 10 11 6 10 14 8 8 4 13 
11 8 5 13 10 11 8 11 13 8 12 7 4 15 9 8 9 11 7 10 14 13 7 11 16 6 11 9 7 12 7 10 10 9 10 9 6 10 9 12 6 4 11 6 4 14 7 12 6 9 14 4 10 11 13 7 11 13 7 9 14 9 7 10 7 5 9 7 9 9 11 7 2 7 9 15 11 6 16 7 10 7 3 4 15 12 10 9 10 11 13 11 10 7 10 9 10 12 5 11 12 10 9 13 10 16 5 11 5 12 6 10 11 6 10 14 8 8 4 13 
11 8 5 13 10 11 8 11 13 8 12 7 4 15 9 8 9 11 7 10 14 13 7 11 16 6 11 9 7 12 7 10 10 9 10 9 6 10 9 12 6 4 11 6 4 14 7 12 6 9 14 4 10 11 13 7 11 13 7 9 14 9 7 10 7 5 9 7 9 9 11 7 2 7 9 15 11 6 16 7 10 7 3 4 15 12 10 9 10 11 13 11 10 7 10 9 10 12 5 11 12 10 9 13 10 16 5 11 5 12 6 10 11 6 10 14 8 8 4 13 
11 8 5 13 10 11 8 11 13 8 12 7 4 15 9 8 9 11 7 10 14 13 7 11 16 6 11 9 7 12 7 10 10 9 10 9 6 10 9 12 6 4 11 6 4 14 7 12 6 9 14 4 10 11 13 7 11 13 7 9 14 9 7 10 7 5 9 7 9 9 11 7 2 7 9 15 11 6 16 7 10 7 3 4 15 12 10 9 10 11 13 11 10 7 10 9 10 12 5 11 12 10 9 13 10 16 5 11 5 12 6 10 11 6 10 14 8 8 4 13 
11 8 5 13 10 11 8 11 13 8 12 7 4 15 9 8 9 11 7 10 14 13 7 11 16 6 11 9 7 12 7 10 10 9 10 9 6 10 9 12 6 4 11 6 4 14 7 12 6 9 14 4 10 11 13 7 11 13 7 9 14 9 7 10 7 5 9 7 9 9 11 7 2 7 9 15 11 6 16 7 10 7 3 4 15 12 10 9 10 11 13 11 10 7 10 9 10 12 5 11 12 10 9 13 10 16 5 11 5 12 6 10 11 6 10 14 8 8 4 13 
11 8 5 13 10 11 8 11 13 8 12 7 4 15 9 8 9 11 7 10 14 13 7 11 16 6 11 9 7 12 7 10 10 9 10 9 6 10 9 12 6 4 11 6 4 14 7 12 6 9 14 4 10 11 13 7 11 13 7 9 14 9 7 10 7 5 9 7 9 9 11 7 2 7 9 15 11 6 16 7 10 7 3 4 15 12 10 9 10 11 13 11 10 7 10 9 10 12 5 11 12 10 9 13 10 16 5 11 5 12 6 10 11 6 10 14 8 8 4 13 
11 8 5 13 10 11 8 11 13 8 12 7 4 15 9 8 9 11 7 10 14 13 7 11 16 6 11 9 7 12 7 10 10 9 10 9 6 10 9 12 6 4 11 6 4 14 7 12 6 9 14 4 10 11 13 7 11 13 7 9 14 9 7 10 7 5 9 7 9 9 11 7 2 7 9 15 11 6 16 7 10 7 3 4 15 12 10 9 10 11 13 11 10 7 10 9 10 12 5 11 12 10 9 13 10 16 5 11 5 12 6 10 11 6 10 14 8 8 4 13 
11 8 5 13 10 11 8 11 13 8 12 7 4 15 9 8 9 11 7 10 14 13 7 11 16 6 11 9 7 12 7 10 10 9 10 9 6 10 9 12 6 4 11 6 4 14 7 12 6 9 14 4 10 11 13 7 11 13 7 9 14 9 7 10 7 5 9 7 9 9 11 7 2 7 9 15 11 6 16 7 10 7 3 4 15 12 10 9 10 11 13 11 10 7 10 9 10 12 5 11 12 10 9 13 10 16 5 11 5 12 6 10 11 6 10 14 8 8 4 13 
11 8 5 13 10 11 8 11 13 8 12 7 4 15 9 8 9 11 7 10 14 13 7 11 16 6 11 9 7 12 7 10 10 9 10 9 6 10 9 12 6 4 11 6 4 14 7 12 6 9 14 4 10 11 13 7 11 13 7 9 14 9 7 10 7 5 9 7 9 9 11 7 2 7 9 15 11 6 16 7 10 7 3 4 15 12 10 9 10 11 13 11 10 7 10 9 10 12 5 11 12 10 9 13 10 16 5 11 5 12 6 10 11 6 10 14 8 8 4 13 
11 8 5 13 10 11 8 11 13 8 12 7 4 15 9 8 9 11 7 10 14 13 7 11 16 6 11 9 7 12 7 10 10 9 10 9 6 10 9 12 6 4 11 6 4 14 7 12 6 9 14 4 10 11 13 7 11 13 7 9 14 9 7 10 7 5 9 7 9 9 11 7 2 7 9 15 11 6 16 7 10 7 3 4 15 12 10 9 10 11 13 11 10 7 10 9 10 12 5 11 12 10 9 13 10 16 5 11 5 12 6 10 11 6 10 14 8 8 4 13 
11 8 5 13 10 11 8 11 13 8 12 7 4 15 9 8 9 11 7 10 14 13 7 11 16 6 11 9 7 12 7 10 10 9 10 9 6 10 9 12 6 4 11 6 4 14 7 12 6 9 14 4 10 11 13 7 11 13 7 9 14 9 7 10 7 5 9 7 9 9 11 7 2 7 9 15 11 6 16 7 10 7 3 4 15 12 10 9 10 11 13 11 10 7 10 9 10 12 5 11 12 10 9 13 10 16 5 11 5 12 6 10 11 6 10 14 8 8 4 13 
11 8 5 13 10 11 8 11 13 8 12 7 4 15 9 8 9 11 7 10 14 13 7 11 16 6 11 9 7 12 7 10 10 9 10 9 6 10 9 12 6 4 11 6 4 14 7 12 6 9 14 4 10 11 13 7 11 13 7 9 14 9 7 10 7 5 9 7 9 9 11 7 2 7 9 15 11 6 16 7 10 7 3 4 15 12 10 9 10 11 13 11 10 7 10 9 10 12 5 11 12 10 9 13 10 16 5 11 5 12 6 10 11 6 10 14 8 8 4 13 
11 8 5 13 10 11 8 11 13 8 12 7 4 15 9 8 9 11 7 10 14 13 7 11 16 6 11 9 7 12 7 10 10 9 10 9 6 10 9 12 6 4 11 6 4 14 7 12 6 9 14 4 10 11 13 7 11 13 7 9 14 9 7 10 7 5 9 7 9 9 11 7 2 7 9 15 11 6 16 7 10 7 3 4 15 12 10 9 10 11 13 11 10 7 10 9 10 12 5 11 12 10 9 13 10 16 5 11 5 12 6 10 11 6 10 14 8 8 4 13 
11 8 5 13 10 11 8 11 13 8 12 7 4 15 9 8 9 11 7 10 14 13 7 11 16 6 11 9 7 12 7 10 10 9 10 9 6 10 9 12 6 4 11 6 4 14 7 12 6 9 14 4 10 11 13 7 11 13 7 9 14 9 7 10 7 5 9 7 9 9 11 7 2 7 9 15 11 6 16 7 10 7 3 4 15 12 10 9 10 11 13 11 10 7 10 9 10 12 5 11 12 10 9 13 10 16 5 11 5 12 6 10 11 6 10 14 8 8 4 13 
11 8 5 13 10 11 8 11 13 8 12 7 4 15 9 8 9 11 7 10 14 13 7 11 16 6 11 9 7 12 7 10 10 9 10 9 6 10 9 12 6 4 11 6 4 14 7 12 6 9 14 4 10 11 13 7 11 13 7 9 14 9 7 10 7 5 9 7 9 9 11 7 2 7 9 15 11 6 16 7 10 7 3 4 15 12 10 9 10 11 13 11 10 7 10 9 10 12 5 11 12 10 9 13 10 16 5 11 5 12 6 10 11 6 10 14 8 8 4 13 
11 8 5 13 10 11 8 11 13 8 12 7 4 15 9 8 9 11 7 10 14 13 7 11 16 6 11 9 7 12 7 10 10 9 10 9 6 10 9 12 6 4 11 6 4 14 7 12 6 9 14 4 10 11 13 7 11 13 7 9 14 9 7 10 7 5 9 7 9 9 11 7 2 7 9 15 11 6 16 7 10 7 3 4 15 12 10 9 10 11 13 11 10 7 10 9 10 12 5 11 12 10 9 13 10 16 5 11 5 12 6 10 11 6 10 14 8 8 4 13 
11 8 5 13 10 11 8 11 13 8 12 7 4 15 9 8 9 11 7 10 14 13 7 11 16 6 11 9 7 12 7 10 10 9 10 9 6 10 9 12 6 4 11 6 4 14 7 12 6 9 14 4 10 11 13 7 11 13 7 9 14 9 7 10 7 5 9 7 9 9 11 7 2 7 9 15 11 6 16 7 10 7 3 4 15 12 10 9 10 11 13 11 10 7 10 9 10 12 5 11 12 10 9 13 10 16 5 11 5 12 6 10 11 6 10 14 8 8 4 13 
11 8 5 13 10 11 8 11 13 8 12 7 4 15 9 8 9 11 7 10 14 13 7 11 16 6 11 9 7 12 7 10 10 9 10 9 6 10 9 12 6 4 11 6 4 14 7 12 6 9 14 4 10 11 13 7 11 13 7 9 14 9 7 10 7 5 9 7 9 9 11 7 2 7 9 15 11 6 16 7 10 7 3 4 15 12 10 9 10 11 13 11 10 7 10 9 10 12 5 11 12 10 9 13 10 16 5 11 5 12 6 10 11 6 10 14 8 8 4 13 
11 8 5 13 10 11 8 11 13 8 12 7 4 15 9 8 9 11 7 10 14 13 7 11 16 6 11 9 7 12 7 10 10 9 10 9 6 10 9 12 6 4 11 6 4 14 7 12 6 9 14 4 10 11 13 7 11 13 7 9 14 9 7 10 7 5 9 7 9 9 11 7 2 7 9 15 11 6 16 7 10 7 3 4 15 12 10 9 10 11 13 11 10 7 10 9 10 12 5 11 12 10 9 13 10 16 5 11 5 12 6 10 11 6 10 14 8 8 4 13 
11 8 5 13 10 11 8 11 13 8 12 7 4 15 9 8 9 11 7 10 14 13 7 11 16 6 11 9 7 12 7 10 10 9 10 9 6 10 9 12 6 4 11 6 4 14 7 12 6 9 14 4 10 11 13 7 11 13 7 9 14 9 7 10 7 5 9 7 9 9 11 7 2 7 9 15 11 6 16 7 10 7 3 4 15 12 10 9 10 11 13 11 10 7 10 9 10 12 5 11 12 10 9 13 10 16 5 11 5 12 6 10 11 6 10 14 8 8 4 13 
11 8 5 13 10 11 8 11 13 8 12 7 4 15 9 8 9 11 7 10 14 13 7 11 16 6 11 9 7 12 7 10 10 9 10 9 6 10 9 12 6 4 11 6 4 14 7 12 6 9 14 4 10 11 13 7 11 13 7 9 14 9 7 10 7 5 9 7 9 9 11 7 2 7 9 15 11 6 16 7 10 7 3 4 15 12 10 9 10 11 13 11 10 7 10 9 10 12 5 11 12 10 9 13 10 16 5 11 5 12 6 10 11 6 10 14 8 8 4 13 
11 8 5 13 10 11 8 11 13 8 12 7 4 15 9 8 9 11 7 10 14 13 7 11 16 6 11 9 7 12 7 10 10 9 10 9 6 10 9 12 6 4 11 6 4 14 7 12 6 9 14 4 10 11 13 7 11 13 7 9 14 9 7 10 7 5 9 7 9 9 11 7 2 7 9 15 11 6 16 7 10 7 3 4 15 12 10 9 10 11 13 11 10 7 10 9 10 12 5 11 12 10 9 13 10 16 5 11 5 12 6 10 11 6 10 14 8 8 4 13 
11 8 5 13 10 11 8 11 13 8 12 7 4 15 9 8 9 11 7 10 14 13 7 11 16 6 11 9 7 12 7 10 10 9 10 9 6 10 9 12 6 4 11 6 4 14 7 12 6 9 14 4 10 11 13 7 11 13 7 9 14 9 7 10 7 5 9 7 9 9 11 7 2 7 9 15 11 6 16 7 10 7 3 4 15 12 10 9 10 11 13 11 10 7 10 9 10 12 5 11 12 10 9 13 10 16 5 11 5 12 6 10 11 6 10 14 8 8 4 13 
11 8 5 13 10 11 8 11 13 8 12 7 4 15 9 8 9 11 7 10 14 13 7 11 16 6 11 9 7 12 7 10 10 9 10 9 6 10 9 12 6 4 11 6 4 14 7 12 6 9 14 4 10 11 13 7 11 13 7 9 14 9 7 10 7 5 9 7 9 9 11 7 2 7 9 15 11 6 16 7 10 7 3 4 15 12 10 9 10 11 13 11 10 7 10 9 10 12 5 11 12 10 9 13 10 16 5 11 5 12 6 10 11 6 10 14 8 8 4 13 
11 8 5 13 10 11 8 11 13 8 12 7 4 15 9 8 9 11 7 10 14 13 7 11 16 6 11 9 7 12 7 10 10 9 10 9 6 10 9 12 6 4 11 6 4 14 7 12 6 9 14 4 10 11 13 7 11 13 7 9 14 9 7 10 7 5 9 7 9 9 11 7 2 7 9 15 11 6 16 7 10 7 3 4 15 12 10 9 10 11 13 11 10 7 10 9 10 12 5 11 12 10 9 13 10 16 5 11 5 12 6 10 11 6 10 14 8 8 4 13 
11 8 5 13 10 11 8 11 13 8 12 7 4 15 9 8 9 11 7 10 14 13 7 11 16 6 11 9 7 12 7 10 10 9 10 9 6 10 9 12 6 4 11 6 4 14 7 12 6 9 14 4 10 11 13 7 11 13 7 9 14 9 7 10 7 5 9 7 9 9 11 7 2 7 9 15 11 6 16 7 10 7 3 4 15 12 10 9 10 11 13 11 10 7 10 9 10 12 5 11 12 10 9 13 10 16 5 11 5 12 6 10 11 6 10 14 8 8 4 13 
11 8 5 13 10 11 8 11 13 8 12 7 4 15 9 8 9 11 7 10 14 13 7 11 16 6 11 9 7 12 7 10 10 9 10 9 6 10 9 12 6 4 11 6 4 14 7 12 6 9 14 4 10 11 13 7 11 13 7 9 14 9 7 10 7 5 9 7 9 9 11 7 2 7 9 15 11 6 16 7 10 7 3 4 15 12 10 9 10 11 13 11 10 7 10 9 10 12 5 11 12 10 9 13 10 16 5 11 5 12 6 10 11 6 10 14 8 8 4 13 
11 8 5 13 10 11 8 11 13 8 12 7 4 15 9 8 9 11 7 10 14 13 7 11 16 6 11 9 7 12 7 10 10 9 10 9 6 10 9 12 6 4 11 6 4 14 7 12 6 9 14 4 10 11 13 7 11 13 7 9 14 9 7 10 7 5 9 7 9 9 11 7 2 7 9 15 11 6 16 7 10 7 3 4 15 12 10 9 10 11 13 11 10 7 10 9 10 12 5 11 12 10 9 13 10 16 5 11 5 12 6 10 11 6 10 14 8 8 4 13 
11 8 5 13 10 11 8 11 13 8 12 7 4 15 9 8 9 11 7 10 14 13 7 11 16 6 11 9 7 12 7 10 10 9 10 9 6 10 9 12 6 4 11 6 4 14 7 12 6 9 14 4 10 11 13 7 11 13 7 9 14 9 7 10 7 5 9 7 9 9 11 7 2 7 9 15 11 6 16 7 10 7 3 4 15 12 10 9 10 11 13 11 10 7 10 9 10 12 5 11 12 10 9 13 10 16 5 11 5 12 6 10 11 6 10 14 8 8 4 13 
11 8 5 13 10 11 8 11 13 8 12 7 4 15 9 8 9 11 7 10 14 13 7 11 16 6 11 9 7 12 7 10 10 9 10 9 6 10 9 12 6 4 11 6 4 14 7 12 6 9 14 4 10 11 13 7 11 13 7 9 14 9 7 10 7 5 9 7 9 9 11 7 2 7 9 15 11 6 16 7 10 7 3 4 15 12 10 9 10 11 13 11 10 7 10 9 10 12 5 11 12 10 9 13 10 16 5 11 5 12 6 10 11 6 10 14 8 8 4 13 
11 8 5 13 10 11 8 11 13 8 12 7 4 15 9 8 9 11 7 10 14 13 7 11 16 6 11 9 7 12 7 10 10 9 10 9 6 10 9 12 6 4 11 6 4 14 7 12 6 9 14 4 10 11 13 7 11 13 7 9 14 9 7 10 7 5 9 7 9 9 11 7 2 7 9 15 11 6 16 7 10 7 3 4 15 12 10 9 10 11 13 11 10 7 10 9 10 12 5 11 12 10 9 13 10 16 5 11 5 12 6 10 11 6 10 14 8 8 4 13 
11 8 5 13 10 11 8 11 13 8 12 7 4 15 9 8 9 11 7 10 14 13 7 11 16 6 11 9 7 12 7 10 10 9 10 9 6 10 9 12 6 4 11 6 4 14 7 12 6 9 14 4 10 11 13 7 11 13 7 9 14 9 7 10 7 5 9 7 9 9 11 7 2 7 9 15 11 6 16 7 10 7 3 4 15 12 10 9 10 11 13 11 10 7 10 9 10 12 5 11 12 10 9 13 10 16 5 11 5 12 6 10 11 6 10 14 8 8 4 13 
11 8 5 13 10 11 8 11 13 8 12 7 4 15 9 8 9 11 7 10 14 13 7 11 16 6 11 9 7 12 7 10 10 9 10 9 6 10 9 12 6 4 11 6 4 14 7 12 6 9 14 4 10 11 13 7 11 13 7 9 14 9 7 10 7 5 9 7 9 9 11 7 2 7 9 15 11 6 16 7 10 7 3 4 15 12 10 9 10 11 13 11 10 7 10 9 10 12 5 11 12 10 9 13 10 16 5 11 5 12 6 10 11 6 10 14 8 8 4 13 
11 8 5 13 10 11 8 11 13 8 12 7 4 15 9 8 9 11 7 10 14 13 7 11 16 6 11 9 7 12 7 10 10 9 10 9 6 10 9 12 6 4 11 6 4 14 7 12 6 9 14 4 10 11 13 7 11 13 7 9 14 9 7 10 7 5 9 7 9 9 11 7 2 7 9 15 11 6 16 7 10 7 3 4 15 12 10 9 10 11 13 11 10 7 10 9 10 12 5 11 12 10 9 13 10 16 5 11 5 12 6 10 11 6 10 14 8 8 4 13 
11 8 5 13 10 11 8 11 13 8 12 7 4 15 9 8 9 11 7 10 14 13 7 11 16 6 11 9 7 12 7 10 10 9 10 9 6 10 9 12 6 4 11 6 4 14 7 12 6 9 14 4 10 11 13 7 11 13 7 9 14 9 7 10 7 5 9 7 9 9 11 7 2 7 9 15 11 6 16 7 10 7 3 4 15 12 10 9 10 11 13 11 10 7 10 9 10 12 5 11 12 10 9 13 10 16 5 11 5 12 6 10 11 6 10 14 8 8 4 13 
11 8 5 13 10 11 8 11 13 8 12 7 4 15 9 8 9 11 7 10 14 13 7 11 16 6 11 9 7 12 7 10 10 9 10 9 6 10 9 12 6 4 11 6 4 14 7 12 6 9 14 4 10 11 13 7 11 13 7 9 14 9 7 10 7 5 9 7 9 9 11 7 2 7 9 15 11 6 16 7 10 7 3 4 15 12 10 9 10 11 13 11 10 7 10 9 10 12 5 11 12 10 9 13 10 16 5 11 5 12 6 10 11 6 10 14 8 8 4 13 
11 8 5 13 10 11 8 11 13 8 12 7 4 15 9 8 9 11 7 10 14 13 7 11 16 6 11 9 7 12 7 10 10 9 10 9 6 10 9 12 6 4 11 6 4 14 7 12 6 9 14 4 10 11 13 7 11 13 7 9 14 9 7 10 7 5 9 7 9 9 11 7 2 7 9 15 11 6 16 7 10 7 3 4 15 12 10 9 10 11 13 11 10 7 10 9 10 12 5 11 12 10 9 13 10 16 5 11 5 12 6 10 11 6 10 14 8 8 4 13 
11 8 5 13 10 11 8 11 13 8 12 7 4 15 9 8 9 11 7 10 14 13 7 11 16 6 11 9 7 12 7 10 10 9 10 9 6 10 9 12 6 4 11 6 4 14 7 12 6 9 14 4 10 11 13 7 11 13 7 9 14 9 7 10 7 5 9 7 9 9 11 7 2 7 9 15 11 6 16 7 10 7 3 4 15 12 10 9 10 11 13 11 10 7 10 9 10 12 5 11 12 10 9 13 10 16 5 11 5 12 6 10 11 6 10 14 8 8 4 13 
11 8 5 13 10 11 8 11 13 8 12 7 4 15 9 8 9 11 7 10 14 13 7 11 16 6 11 9 7 12 7 10 10 9 10 9 6 10 9 12 6 4 11 6 4 14 7 12 6 9 14 4 10 11 13 7 11 13 7 9 14 9 7 10 7 5 9 7 9 9 11 7 2 7 9 15 11 6 16 7 10 7 3 4 15 12 10 9 10 11 13 11 10 7 10 9 10 12 5 11 12 10 9 13 10 16 5 11 5 12 6 10 11 6 10 14 8 8 4 13 
11 8 5 13 10 11 8 11 13 8 12 7 4 15 9 8 9 11 7 10 14 13 7 11 16 6 11 9 7 12 7 10 10 9 10 9 6 10 9 12 6 4 11 6 4 14 7 12 6 9 14 4 10 11 13 7 11 13 7 9 14 9 7 10 7 5 9 7 9 9 11 7 2 7 9 15 11 6 16 7 10 7 3 4 15 12 10 9 10 11 13 11 10 7 10 9 10 12 5 11 12 10 9 13 10 16 5 11 5 12 6 10 11 6 10 14 8 8 4 13 
11 8 5 13 10 11 8 11 13 8 12 7 4 15 9 8 9 11 7 10 14 13 7 11 16 6 11 9 7 12 7 10 10 9 10 9 6 10 9 12 6 4 11 6 4 14 7 12 6 9 14 4 10 11 13 7 11 13 7 9 14 9 7 10 7 5 9 7 9 9 11 7 2 7 9 15 11 6 16 7 10 7 3 4 15 12 10 9 10 11 13 11 10 7 10 9 10 12 5 11 12 10 9 13 10 16 5 11 5 12 6 10 11 6 10 14 8 8 4 13 
11 8 5 13 10 11 8 11 13 8 12 7 4 15 9 8 9 11 7 10 14 13 7 11 16 6 11 9 7 12 7 10 10 9 10 9 6 10 9 12 6 4 11 6 4 14 7 12 6 9 14 4 10 11 13 7 11 13 7 9 14 9 7 10 7 5 9 7 9 9 11 7 2 7 9 15 11 6 16 7 10 7 3 4 15 12 10 9 10 11 13 11 10 7 10 9 10 12 5 11 12 10 9 13 10 16 5 11 5 12 6 10 11 6 10 14 8 8 4 13 
11 8 5 13 10 11 8 11 13 8 12 7 4 15 9 8 9 11 7 10 14 13 7 11 16 6 11 9 7 12 7 10 10 9 10 9 6 10 9 12 6 4 11 6 4 14 7 12 6 9 14 4 10 11 13 7 11 13 7 9 14 9 7 10 7 5 9 7 9 9 11 7 2 7 9 15 11 6 16 7 10 7 3 4 15 12 10 9 10 11 13 11 10 7 10 9 10 12 5 11 12 10 9 13 10 16 5 11 5 12 6 10 11 6 10 14 8 8 4 13 
