6 9 3 14 8 10 6 4 8 12 8 11 7 10 13 10 6 10 9 5 8 7 3 8 8 8 9 6 7 6 10 6 9 8 7 7 12 2 11 16 9 9 16 6 8 12 14 4 7 7 13 11 14 5 10 8 15 7 13 4 8 10 3 5 6 8 8 4 8 8 10 4 14 4 12 12 3 15 16 10 6 8 10 9 4 14 6 12 3 9 5 8 14 11 6 9 6 10 7 12 12 10 13 12 8 5 10 7 8 10 8 9 6 14 11 5 10 9 3 5 4 14 12 16 7 7 9 12 3 4 8 6 3 9 7 5 11 3 12 9 13 4 9 11 2 12 13 7 10 14 7 4 8 9 9 12 8 8 12 9 
6 9 3 14 8 10 6 4 8 12 8 11 7 10 13 10 6 10 9 5 8 7 3 8 8 8 9 6 7 6 10 6 9 8 7 7 12 2 11 16 9 9 16 6 8 12 14 4 7 7 13 11 14 5 10 8 15 7 13 4 8 10 3 5 6 8 8 4 8 8 10 4 14 4 12 12 3 15 16 10 6 8 10 9 4 14 6 12 3 9 5 8 14 11 6 9 6 10 7 12 12 10 13 12 8 5 10 7 8 10 8 9 6 14 11 5 10 9 3 5 4 14 12 16 7 7 9 12 3 4 8 6 3 9 7 5 11 3 12 9 13 4 9 11 2 12 13 7 10 14 7 4 8 9 9 12 8 8 12 9 
6 9 3 14 8 10 6 4 8 12 8 11 7 10 13 10 6 10 9 5 8 7 3 8 8 8 9 6 7 6 10 6 9 8 7 7 12 2 11 16 9 9 16 6 8 12 14 4 7 7 13 11 14 5 10 8 15 7 13 4 8 10 3 5 6 8 8 4 8 8 10 4 14 4 12 12 3 15 16 10 6 8 10 9 4 14 6 12 3 9 5 8 14 11 6 9 6 10 7 12 12 10 13 12 8 5 10 7 8 10 8 9 6 14 11 5 10 9 3 5 4 14 12 16 7 7 9 12 3 4 8 6 3 9 7 5 11 3 12 9 13 4 9 11 2 12 13 7 10 14 7 4 8 9 9 12 8 8 12 9 
6 9 3 14 8 10 6 4 8 12 8 11 7 10 13 10 6 10 9 5 8 7 3 8 8 8 9 6 7 6 10 6 9 8 7 7 12 2 11 16 9 9 16 6 8 12 14 4 7 7 13 11 14 5 10 8 15 7 13 4 8 10 3 5 6 8 8 4 8 8 10 4 14 4 12 12 3 15 16 10 6 8 10 9 4 14 6 12 3 9 5 8 14 11 6 9 6 10 7 12 12 10 13 12 8 5 10 7 8 10 8 9 6 14 11 5 10 9 3 5 4 14 12 16 7 7 9 12 3 4 8 6 3 9 7 5 11 3 12 9 13 4 9 11 2 12 13 7 10 14 7 4 8 9 9 12 8 8 12 9 
6 9 3 14 8 10 6 4 8 12 8 11 7 10 13 10 6 10 9 5 8 7 3 8 8 8 9 6 7 6 10 6 9 8 7 7 12 2 11 16 9 9 16 6 8 12 14 4 7 7 13 11 14 5 10 8 15 7 13 4 8 10 3 5 6 8 8 4 8 8 10 4 14 4 12 12 3 15 16 10 6 8 10 9 4 14 6 12 3 9 5 8 14 11 6 9 6 10 7 12 12 10 13 12 8 5 10 7 8 10 8 9 6 14 11 5 10 9 3 5 4 14 12 16 7 7 9 12 3 4 8 6 3 9 7 5 11 3 12 9 13 4 9 11 2 12 13 7 10 14 7 4 8 9 9 12 8 8 12 9 
6 9 3 14 8 10 6 4 8 12 8 11 7 10 13 10 6 10 9 5 8 7 3 8 8 8 9 6 7 6 10 6 9 8 7 7 12 2 11 16 9 9 16 6 8 12 14 4 7 7 13 11 14 5 10 8 15 7 13 4 8 10 3 5 6 8 8 4 8 8 10 4 14 4 12 12 3 15 16 10 6 8 10 9 4 14 6 12 3 9 5 8 14 11 6 9 6 10 7 12 12 10 13 12 8 5 10 7 8 10 8 9 6 14 11 5 10 9 3 5 4 14 12 16 7 7 9 12 3 4 8 6 3 9 7 5 11 3 12 9 13 4 9 11 2 12 13 7 10 14 7 4 8 9 9 12 8 8 12 9 
6 9 3 14 8 10 6 4 8 12 8 11 7 10 13 10 6 10 9 5 8 7 3 8 8 8 9 6 7 6 10 6 9 8 7 7 12 2 11 16 9 9 16 6 8 12 14 4 7 7 13 11 14 5 10 8 15 7 13 4 8 10 3 5 6 8 8 4 8 8 10 4 14 4 12 12 3 15 16 10 6 8 10 9 4 14 6 12 3 9 5 8 14 11 6 9 6 10 7 12 12 10 13 12 8 5 10 7 8 10 8 9 6 14 11 5 10 9 3 5 4 14 12 16 7 7 9 12 3 4 8 6 3 9 7 5 11 3 12 9 13 4 9 11 2 12 13 7 10 14 7 4 8 9 9 12 8 8 12 9 
6 9 3 14 8 10 6 4 8 12 8 11 7 10 13 10 6 10 9 5 8 7 3 8 8 8 9 6 7 6 10 6 9 8 7 7 12 2 11 16 9 9 16 6 8 12 14 4 7 7 13 11 14 5 10 8 15 7 13 4 8 10 3 5 6 8 8 4 8 8 10 4 14 4 12 12 3 15 16 10 6 8 10 9 4 14 6 12 3 9 5 8 14 11 6 9 6 10 7 12 12 10 13 12 8 5 10 7 8 10 8 9 6 14 11 5 10 9 3 5 4 14 12 16 7 7 9 12 3 4 8 6 3 9 7 5 11 3 12 9 13 4 9 11 2 12 13 7 10 14 7 4 8 9 9 12 8 8 12 9 
6 9 3 14 8 10 6 4 8 12 8 11 7 10 13 10 6 10 9 5 8 7 3 8 8 8 9 6 7 6 10 6 9 8 7 7 12 2 11 16 9 9 16 6 8 12 14 4 7 7 13 11 14 5 10 8 15 7 13 4 8 10 3 5 6 8 8 4 8 8 10 4 14 4 12 12 3 15 16 10 6 8 10 9 4 14 6 12 3 9 5 8 14 11 6 9 6 10 7 12 12 10 13 12 8 5 10 7 8 10 8 9 6 14 11 5 10 9 3 5 4 14 12 16 7 7 9 12 3 4 8 6 3 9 7 5 11 3 12 9 13 4 9 11 2 12 13 7 10 14 7 4 8 9 9 12 8 8 12 9 
6 9 3 14 8 10 6 4 8 12 8 11 7 10 13 10 6 10 9 5 8 7 3 8 8 8 9 6 7 6 10 6 9 8 7 7 12 2 11 16 9 9 16 6 8 12 14 4 7 7 13 11 14 5 10 8 15 7 13 4 8 10 3 5 6 8 8 4 8 8 10 4 14 4 12 12 3 15 16 10 6 8 10 9 4 14 6 12 3 9 5 8 14 11 6 9 6 10 7 12 12 10 13 12 8 5 10 7 8 10 8 9 6 14 11 5 10 9 3 5 4 14 12 16 7 7 9 12 3 4 8 6 3 9 7 5 11 3 12 9 13 4 9 11 2 12 13 7 10 14 7 4 8 9 9 12 8 8 12 9 
6 9 3 14 8 10 6 4 8 12 8 11 7 10 13 10 6 10 9 5 8 7 3 8 8 8 9 6 7 6 10 6 9 8 7 7 12 2 11 16 9 9 16 6 8 12 14 4 7 7 13 11 14 5 10 8 15 7 13 4 8 10 3 5 6 8 8 4 8 8 10 4 14 4 12 12 3 15 16 10 6 8 10 9 4 14 6 12 3 9 5 8 14 11 6 9 6 10 7 12 12 10 13 12 8 5 10 7 8 10 8 9 6 14 11 5 10 9 3 5 4 14 12 16 7 7 9 12 3 4 8 6 3 9 7 5 11 3 12 9 13 4 9 11 2 12 13 7 10 14 7 4 8 9 9 12 8 8 12 9 
6 9 3 14 8 10 6 4 8 12 8 11 7 10 13 10 6 10 9 5 8 7 3 8 8 8 9 6 7 6 10 6 9 8 7 7 12 2 11 16 9 9 16 6 8 12 14 4 7 7 13 11 14 5 10 8 15 7 13 4 8 10 3 5 6 8 8 4 8 8 10 4 14 4 12 12 3 15 16 10 6 8 10 9 4 14 6 12 3 9 5 8 14 11 6 9 6 10 7 12 12 10 13 12 8 5 10 7 8 10 8 9 6 14 11 5 10 9 3 5 4 14 12 16 7 7 9 12 3 4 8 6 3 9 7 5 11 3 12 9 13 4 9 11 2 12 13 7 10 14 7 4 8 9 9 12 8 8 12 9 
6 9 3 14 8 10 6 4 8 12 8 11 7 10 13 10 6 10 9 5 8 7 3 8 8 8 9 6 7 6 10 6 9 8 7 7 12 2 11 16 9 9 16 6 8 12 14 4 7 7 13 11 14 5 10 8 15 7 13 4 8 10 3 5 6 8 8 4 8 8 10 4 14 4 12 12 3 15 16 10 6 8 10 9 4 14 6 12 3 9 5 8 14 11 6 9 6 10 7 12 12 10 13 12 8 5 10 7 8 10 8 9 6 14 11 5 10 9 3 5 4 14 12 16 7 7 9 12 3 4 8 6 3 9 7 5 11 3 12 9 13 4 9 11 2 12 13 7 10 14 7 4 8 9 9 12 8 8 12 9 
6 9 3 14 8 10 6 4 8 12 8 11 7 10 13 10 6 10 9 5 8 7 3 8 8 8 9 6 7 6 10 6 9 8 7 7 12 2 11 16 9 9 16 6 8 12 14 4 7 7 13 11 14 5 10 8 15 7 13 4 8 10 3 5 6 8 8 4 8 8 10 4 14 4 12 12 3 15 16 10 6 8 10 9 4 14 6 12 3 9 5 8 14 11 6 9 6 10 7 12 12 10 13 12 8 5 10 7 8 10 8 9 6 14 11 5 10 9 3 5 4 14 12 16 7 7 9 12 3 4 8 6 3 9 7 5 11 3 12 9 13 4 9 11 2 12 13 7 10 14 7 4 8 9 9 12 8 8 12 9 
6 9 3 14 8 10 6 4 8 12 8 11 7 10 13 10 6 10 9 5 8 7 3 8 8 8 9 6 7 6 10 6 9 8 7 7 12 2 11 16 9 9 16 6 8 12 14 4 7 7 13 11 14 5 10 8 15 7 13 4 8 10 3 5 6 8 8 4 8 8 10 4 14 4 12 12 3 15 16 10 6 8 10 9 4 14 6 12 3 9 5 8 14 11 6 9 6 10 7 12 12 10 13 12 8 5 10 7 8 10 8 9 6 14 11 5 10 9 3 5 4 14 12 16 7 7 9 12 3 4 8 6 3 9 7 5 11 3 12 9 13 4 9 11 2 12 13 7 10 14 7 4 8 9 9 12 8 8 12 9 
6 9 3 14 8 10 6 4 8 12 8 11 7 10 13 10 6 10 9 5 8 7 3 8 8 8 9 6 7 6 10 6 9 8 7 7 12 2 11 16 9 9 16 6 8 12 14 4 7 7 13 11 14 5 10 8 15 7 13 4 8 10 3 5 6 8 8 4 8 8 10 4 14 4 12 12 3 15 16 10 6 8 10 9 4 14 6 12 3 9 5 8 14 11 6 9 6 10 7 12 12 10 13 12 8 5 10 7 8 10 8 9 6 14 11 5 10 9 3 5 4 14 12 16 7 7 9 12 3 4 8 6 3 9 7 5 11 3 12 9 13 4 9 11 2 12 13 7 10 14 7 4 8 9 9 12 8 8 12 9 
6 9 3 14 8 10 6 4 8 12 8 11 7 10 13 10 6 10 9 5 8 7 3 8 8 8 9 6 7 6 10 6 9 8 7 7 12 2 11 16 9 9 16 6 8 12 14 4 7 7 13 11 14 5 10 8 15 7 13 4 8 10 3 5 6 8 8 4 8 8 10 4 14 4 12 12 3 15 16 10 6 8 10 9 4 14 6 12 3 9 5 8 14 11 6 9 6 10 7 12 12 10 13 12 8 5 10 7 8 10 8 9 6 14 11 5 10 9 3 5 4 14 12 16 7 7 9 12 3 4 8 6 3 9 7 5 11 3 12 9 13 4 9 11 2 12 13 7 10 14 7 4 8 9 9 12 8 8 12 9 
6 9 3 14 8 10 6 4 8 12 8 11 7 10 13 10 6 10 9 5 8 7 3 8 8 8 9 6 7 6 10 6 9 8 7 7 12 2 11 16 9 9 16 6 8 12 14 4 7 7 13 11 14 5 10 8 15 7 13 4 8 10 3 5 6 8 8 4 8 8 10 4 14 4 12 12 3 15 16 10 6 8 10 9 4 14 6 12 3 9 5 8 14 11 6 9 6 10 7 12 12 10 13 12 8 5 10 7 8 10 8 9 6 14 11 5 10 9 3 5 4 14 12 16 7 7 9 12 3 4 8 6 3 9 7 5 11 3 12 9 13 4 9 11 2 12 13 7 10 14 7 4 8 9 9 12 8 8 12 9 
6 9 3 14 8 10 6 4 8 12 8 11 7 10 13 10 6 10 9 5 8 7 3 8 8 8 9 6 7 6 10 6 9 8 7 7 12 2 11 16 9 9 16 6 8 12 14 4 7 7 13 11 14 5 10 8 15 7 13 4 8 10 3 5 6 8 8 4 8 8 10 4 14 4 12 12 3 15 16 10 6 8 10 9 4 14 6 12 3 9 5 8 14 11 6 9 6 10 7 12 12 10 13 12 8 5 10 7 8 10 8 9 6 14 11 5 10 9 3 5 4 14 12 16 7 7 9 12 3 4 8 6 3 9 7 5 11 3 12 9 13 4 9 11 2 12 13 7 10 14 7 4 8 9 9 12 8 8 12 9 
6 9 3 14 8 10 6 4 8 12 8 11 7 10 13 10 6 10 9 5 8 7 3 8 8 8 9 6 7 6 10 6 9 8 7 7 12 2 11 16 9 9 16 6 8 12 14 4 7 7 13 11 14 5 10 8 15 7 13 4 8 10 3 5 6 8 8 4 8 8 10 4 14 4 12 12 3 15 16 10 6 8 10 9 4 14 6 12 3 9 5 8 14 11 6 9 6 10 7 12 12 10 13 12 8 5 10 7 8 10 8 9 6 14 11 5 10 9 3 5 4 14 12 16 7 7 9 12 3 4 8 6 3 9 7 5 11 3 12 9 13 4 9 11 2 12 13 7 10 14 7 4 8 9 9 12 8 8 12 9 
6 9 3 14 8 10 6 4 8 12 8 11 7 10 13 10 6 10 9 5 8 7 3 8 8 8 9 6 7 6 10 6 9 8 7 7 12 2 11 16 9 9 16 6 8 12 14 4 7 7 13 11 14 5 10 8 15 7 13 4 8 10 3 5 6 8 8 4 8 8 10 4 14 4 12 12 3 15 16 10 6 8 10 9 4 14 6 12 3 9 5 8 14 11 6 9 6 10 7 12 12 10 13 12 8 5 10 7 8 10 8 9 6 14 11 5 10 9 3 5 4 14 12 16 7 7 9 12 3 4 8 6 3 9 7 5 11 3 12 9 13 4 9 11 2 12 13 7 10 14 7 4 8 9 9 12 8 8 12 9 
6 9 3 14 8 10 6 4 8 12 8 11 7 10 13 10 6 10 9 5 8 7 3 8 8 8 9 6 7 6 10 6 9 8 7 7 12 2 11 16 9 9 16 6 8 12 14 4 7 7 13 11 14 5 10 8 15 7 13 4 8 10 3 5 6 8 8 4 8 8 10 4 14 4 12 12 3 15 16 10 6 8 10 9 4 14 6 12 3 9 5 8 14 11 6 9 6 10 7 12 12 10 13 12 8 5 10 7 8 10 8 9 6 14 11 5 10 9 3 5 4 14 12 16 7 7 9 12 3 4 8 6 3 9 7 5 11 3 12 9 13 4 9 11 2 12 13 7 10 14 7 4 8 9 9 12 8 8 12 9 
6 9 3 14 8 10 6 4 8 12 8 11 7 10 13 10 6 10 9 5 8 7 3 8 8 8 9 6 7 6 10 6 9 8 7 7 12 2 11 16 9 9 16 6 8 12 14 4 7 7 13 11 14 5 10 8 15 7 13 4 8 10 3 5 6 8 8 4 8 8 10 4 14 4 12 12 3 15 16 10 6 8 10 9 4 14 6 12 3 9 5 8 14 11 6 9 6 10 7 12 12 10 13 12 8 5 10 7 8 10 8 9 6 14 11 5 10 9 3 5 4 14 12 16 7 7 9 12 3 4 8 6 3 9 7 5 11 3 12 9 13 4 9 11 2 12 13 7 10 14 7 4 8 9 9 12 8 8 12 9 
6 9 3 14 8 10 6 4 8 12 8 11 7 10 13 10 6 10 9 5 8 7 3 8 8 8 9 6 7 6 10 6 9 8 7 7 12 2 11 16 9 9 16 6 8 12 14 4 7 7 13 11 14 5 10 8 15 7 13 4 8 10 3 5 6 8 8 4 8 8 10 4 14 4 12 12 3 15 16 10 6 8 10 9 4 14 6 12 3 9 5 8 14 11 6 9 6 10 7 12 12 10 13 12 8 5 10 7 8 10 8 9 6 14 11 5 10 9 3 5 4 14 12 16 7 7 9 12 3 4 8 6 3 9 7 5 11 3 12 9 13 4 9 11 2 12 13 7 10 14 7 4 8 9 9 12 8 8 12 9 
6 9 3 14 8 10 6 4 8 12 8 11 7 10 13 10 6 10 9 5 8 7 3 8 8 8 9 6 7 6 10 6 9 8 7 7 12 2 11 16 9 9 16 6 8 12 14 4 7 7 13 11 14 5 10 8 15 7 13 4 8 10 3 5 6 8 8 4 8 8 10 4 14 4 12 12 3 15 16 10 6 8 10 9 4 14 6 12 3 9 5 8 14 11 6 9 6 10 7 12 12 10 13 12 8 5 10 7 8 10 8 9 6 14 11 5 10 9 3 5 4 14 12 16 7 7 9 12 3 4 8 6 3 9 7 5 11 3 12 9 13 4 9 11 2 12 13 7 10 14 7 4 8 9 9 12 8 8 12 9 
6 9 3 14 8 10 6 4 8 12 8 11 7 10 13 10 6 10 9 5 8 7 3 8 8 8 9 6 7 6 10 6 9 8 7 7 12 2 11 16 9 9 16 6 8 12 14 4 7 7 13 11 14 5 10 8 15 7 13 4 8 10 3 5 6 8 8 4 8 8 10 4 14 4 12 12 3 15 16 10 6 8 10 9 4 14 6 12 3 9 5 8 14 11 6 9 6 10 7 12 12 10 13 12 8 5 10 7 8 10 8 9 6 14 11 5 10 9 3 5 4 14 12 16 7 7 9 12 3 4 8 6 3 9 7 5 11 3 12 9 13 4 9 11 2 12 13 7 10 14 7 4 8 9 9 12 8 8 12 9 
6 9 3 14 8 10 6 4 8 12 8 11 7 10 13 10 6 10 9 5 8 7 3 8 8 8 9 6 7 6 10 6 9 8 7 7 12 2 11 16 9 9 16 6 8 12 14 4 7 7 13 11 14 5 10 8 15 7 13 4 8 10 3 5 6 8 8 4 8 8 10 4 14 4 12 12 3 15 16 10 6 8 10 9 4 14 6 12 3 9 5 8 14 11 6 9 6 10 7 12 12 10 13 12 8 5 10 7 8 10 8 9 6 14 11 5 10 9 3 5 4 14 12 16 7 7 9 12 3 4 8 6 3 9 7 5 11 3 12 9 13 4 9 11 2 12 13 7 10 14 7 4 8 9 9 12 8 8 12 9 
6 9 3 14 8 10 6 4 8 12 8 11 7 10 13 10 6 10 9 5 8 7 3 8 8 8 9 6 7 6 10 6 9 8 7 7 12 2 11 16 9 9 16 6 8 12 14 4 7 7 13 11 14 5 10 8 15 7 13 4 8 10 3 5 6 8 8 4 8 8 10 4 14 4 12 12 3 15 16 10 6 8 10 9 4 14 6 12 3 9 5 8 14 11 6 9 6 10 7 12 12 10 13 12 8 5 10 7 8 10 8 9 6 14 11 5 10 9 3 5 4 14 12 16 7 7 9 12 3 4 8 6 3 9 7 5 11 3 12 9 13 4 9 11 2 12 13 7 10 14 7 4 8 9 9 12 8 8 12 9 
6 9 3 14 8 10 6 4 8 12 8 11 7 10 13 10 6 10 9 5 8 7 3 8 8 8 9 6 7 6 10 6 9 8 7 7 12 2 11 16 9 9 16 6 8 12 14 4 7 7 13 11 14 5 10 8 15 7 13 4 8 10 3 5 6 8 8 4 8 8 10 4 14 4 12 12 3 15 16 10 6 8 10 9 4 14 6 12 3 9 5 8 14 11 6 9 6 10 7 12 12 10 13 12 8 5 10 7 8 10 8 9 6 14 11 5 10 9 3 5 4 14 12 16 7 7 9 12 3 4 8 6 3 9 7 5 11 3 12 9 13 4 9 11 2 12 13 7 10 14 7 4 8 9 9 12 8 8 12 9 
6 9 3 14 8 10 6 4 8 12 8 11 7 10 13 10 6 10 9 5 8 7 3 8 8 8 9 6 7 6 10 6 9 8 7 7 12 2 11 16 9 9 16 6 8 12 14 4 7 7 13 11 14 5 10 8 15 7 13 4 8 10 3 5 6 8 8 4 8 8 10 4 14 4 12 12 3 15 16 10 6 8 10 9 4 14 6 12 3 9 5 8 14 11 6 9 6 10 7 12 12 10 13 12 8 5 10 7 8 10 8 9 6 14 11 5 10 9 3 5 4 14 12 16 7 7 9 12 3 4 8 6 3 9 7 5 11 3 12 9 13 4 9 11 2 12 13 7 10 14 7 4 8 9 9 12 8 8 12 9 
6 9 3 14 8 10 6 4 8 12 8 11 7 10 13 10 6 10 9 5 8 7 3 8 8 8 9 6 7 6 10 6 9 8 7 7 12 2 11 16 9 9 16 6 8 12 14 4 7 7 13 11 14 5 10 8 15 7 13 4 8 10 3 5 6 8 8 4 8 8 10 4 14 4 12 12 3 15 16 10 6 8 10 9 4 14 6 12 3 9 5 8 14 11 6 9 6 10 7 12 12 10 13 12 8 5 10 7 8 10 8 9 6 14 11 5 10 9 3 5 4 14 12 16 7 7 9 12 3 4 8 6 3 9 7 5 11 3 12 9 13 4 9 11 2 12 13 7 10 14 7 4 8 9 9 12 8 8 12 9 
6 9 3 14 8 10 6 4 8 12 8 11 7 10 13 10 6 10 9 5 8 7 3 8 8 8 9 6 7 6 10 6 9 8 7 7 12 2 11 16 9 9 16 6 8 12 14 4 7 7 13 11 14 5 10 8 15 7 13 4 8 10 3 5 6 8 8 4 8 8 10 4 14 4 12 12 3 15 16 10 6 8 10 9 4 14 6 12 3 9 5 8 14 11 6 9 6 10 7 12 12 10 13 12 8 5 10 7 8 10 8 9 6 14 11 5 10 9 3 5 4 14 12 16 7 7 9 12 3 4 8 6 3 9 7 5 11 3 12 9 13 4 9 11 2 12 13 7 10 14 7 4 8 9 9 12 8 8 12 9 
6 9 3 14 8 10 6 4 8 12 8 11 7 10 13 10 6 10 9 5 8 7 3 8 8 8 9 6 7 6 10 6 9 8 7 7 12 2 11 16 9 9 16 6 8 12 14 4 7 7 13 11 14 5 10 8 15 7 13 4 8 10 3 5 6 8 8 4 8 8 10 4 14 4 12 12 3 15 16 10 6 8 10 9 4 14 6 12 3 9 5 8 14 11 6 9 6 10 7 12 12 10 13 12 8 5 10 7 8 10 8 9 6 14 11 5 10 9 3 5 4 14 12 16 7 7 9 12 3 4 8 6 3 9 7 5 11 3 12 9 13 4 9 11 2 12 13 7 10 14 7 4 8 9 9 12 8 8 12 9 
6 9 3 14 8 10 6 4 8 12 8 11 7 10 13 10 6 10 9 5 8 7 3 8 8 8 9 6 7 6 10 6 9 8 7 7 12 2 11 16 9 9 16 6 8 12 14 4 7 7 13 11 14 5 10 8 15 7 13 4 8 10 3 5 6 8 8 4 8 8 10 4 14 4 12 12 3 15 16 10 6 8 10 9 4 14 6 12 3 9 5 8 14 11 6 9 6 10 7 12 12 10 13 12 8 5 10 7 8 10 8 9 6 14 11 5 10 9 3 5 4 14 12 16 7 7 9 12 3 4 8 6 3 9 7 5 11 3 12 9 13 4 9 11 2 12 13 7 10 14 7 4 8 9 9 12 8 8 12 9 
6 9 3 14 8 10 6 4 8 12 8 11 7 10 13 10 6 10 9 5 8 7 3 8 8 8 9 6 7 6 10 6 9 8 7 7 12 2 11 16 9 9 16 6 8 12 14 4 7 7 13 11 14 5 10 8 15 7 13 4 8 10 3 5 6 8 8 4 8 8 10 4 14 4 12 12 3 15 16 10 6 8 10 9 4 14 6 12 3 9 5 8 14 11 6 9 6 10 7 12 12 10 13 12 8 5 10 7 8 10 8 9 6 14 11 5 10 9 3 5 4 14 12 16 7 7 9 12 3 4 8 6 3 9 7 5 11 3 12 9 13 4 9 11 2 12 13 7 10 14 7 4 8 9 9 12 8 8 12 9 
6 9 3 14 8 10 6 4 8 12 8 11 7 10 13 10 6 10 9 5 8 7 3 8 8 8 9 6 7 6 10 6 9 8 7 7 12 2 11 16 9 9 16 6 8 12 14 4 7 7 13 11 14 5 10 8 15 7 13 4 8 10 3 5 6 8 8 4 8 8 10 4 14 4 12 12 3 15 16 10 6 8 10 9 4 14 6 12 3 9 5 8 14 11 6 9 6 10 7 12 12 10 13 12 8 5 10 7 8 10 8 9 6 14 11 5 10 9 3 5 4 14 12 16 7 7 9 12 3 4 8 6 3 9 7 5 11 3 12 9 13 4 9 11 2 12 13 7 10 14 7 4 8 9 9 12 8 8 12 9 
6 9 3 14 8 10 6 4 8 12 8 11 7 10 13 10 6 10 9 5 8 7 3 8 8 8 9 6 7 6 10 6 9 8 7 7 12 2 11 16 9 9 16 6 8 12 14 4 7 7 13 11 14 5 10 8 15 7 13 4 8 10 3 5 6 8 8 4 8 8 10 4 14 4 12 12 3 15 16 10 6 8 10 9 4 14 6 12 3 9 5 8 14 11 6 9 6 10 7 12 12 10 13 12 8 5 10 7 8 10 8 9 6 14 11 5 10 9 3 5 4 14 12 16 7 7 9 12 3 4 8 6 3 9 7 5 11 3 12 9 13 4 9 11 2 12 13 7 10 14 7 4 8 9 9 12 8 8 12 9 
6 9 3 14 8 10 6 4 8 12 8 11 7 10 13 10 6 10 9 5 8 7 3 8 8 8 9 6 7 6 10 6 9 8 7 7 12 2 11 16 9 9 16 6 8 12 14 4 7 7 13 11 14 5 10 8 15 7 13 4 8 10 3 5 6 8 8 4 8 8 10 4 14 4 12 12 3 15 16 10 6 8 10 9 4 14 6 12 3 9 5 8 14 11 6 9 6 10 7 12 12 10 13 12 8 5 10 7 8 10 8 9 6 14 11 5 10 9 3 5 4 14 12 16 7 7 9 12 3 4 8 6 3 9 7 5 11 3 12 9 13 4 9 11 2 12 13 7 10 14 7 4 8 9 9 12 8 8 12 9 
6 9 3 14 8 10 6 4 8 12 8 11 7 10 13 10 6 10 9 5 8 7 3 8 8 8 9 6 7 6 10 6 9 8 7 7 12 2 11 16 9 9 16 6 8 12 14 4 7 7 13 11 14 5 10 8 15 7 13 4 8 10 3 5 6 8 8 4 8 8 10 4 14 4 12 12 3 15 16 10 6 8 10 9 4 14 6 12 3 9 5 8 14 11 6 9 6 10 7 12 12 10 13 12 8 5 10 7 8 10 8 9 6 14 11 5 10 9 3 5 4 14 12 16 7 7 9 12 3 4 8 6 3 9 7 5 11 3 12 9 13 4 9 11 2 12 13 7 10 14 7 4 8 9 9 12 8 8 12 9 
6 9 3 14 8 10 6 4 8 12 8 11 7 10 13 10 6 10 9 5 8 7 3 8 8 8 9 6 7 6 10 6 9 8 7 7 12 2 11 16 9 9 16 6 8 12 14 4 7 7 13 11 14 5 10 8 15 7 13 4 8 10 3 5 6 8 8 4 8 8 10 4 14 4 12 12 3 15 16 10 6 8 10 9 4 14 6 12 3 9 5 8 14 11 6 9 6 10 7 12 12 10 13 12 8 5 10 7 8 10 8 9 6 14 11 5 10 9 3 5 4 14 12 16 7 7 9 12 3 4 8 6 3 9 7 5 11 3 12 9 13 4 9 11 2 12 13 7 10 14 7 4 8 9 9 12 8 8 12 9 
6 9 3 14 8 10 6 4 8 12 8 11 7 10 13 10 6 10 9 5 8 7 3 8 8 8 9 6 7 6 10 6 9 8 7 7 12 2 11 16 9 9 16 6 8 12 14 4 7 7 13 11 14 5 10 8 15 7 13 4 8 10 3 5 6 8 8 4 8 8 10 4 14 4 12 12 3 15 16 10 6 8 10 9 4 14 6 12 3 9 5 8 14 11 6 9 6 10 7 12 12 10 13 12 8 5 10 7 8 10 8 9 6 14 11 5 10 9 3 5 4 14 12 16 7 7 9 12 3 4 8 6 3 9 7 5 11 3 12 9 13 4 9 11 2 12 13 7 10 14 7 4 8 9 9 12 8 8 12 9 
6 9 3 14 8 10 6 4 8 12 8 11 7 10 13 10 6 10 9 5 8 7 3 8 8 8 9 6 7 6 10 6 9 8 7 7 12 2 11 16 9 9 16 6 8 12 14 4 7 7 13 11 14 5 10 8 15 7 13 4 8 10 3 5 6 8 8 4 8 8 10 4 14 4 12 12 3 15 16 10 6 8 10 9 4 14 6 12 3 9 5 8 14 11 6 9 6 10 7 12 12 10 13 12 8 5 10 7 8 10 8 9 6 14 11 5 10 9 3 5 4 14 12 16 7 7 9 12 3 4 8 6 3 9 7 5 11 3 12 9 13 4 9 11 2 12 13 7 10 14 7 4 8 9 9 12 8 8 12 9 
6 9 3 14 8 10 6 4 8 12 8 11 7 10 13 10 6 10 9 5 8 7 3 8 8 8 9 6 7 6 10 6 9 8 7 7 12 2 11 16 9 9 16 6 8 12 14 4 7 7 13 11 14 5 10 8 15 7 13 4 8 10 3 5 6 8 8 4 8 8 10 4 14 4 12 12 3 15 16 10 6 8 10 9 4 14 6 12 3 9 5 8 14 11 6 9 6 10 7 12 12 10 13 12 8 5 10 7 8 10 8 9 6 14 11 5 10 9 3 5 4 14 12 16 7 7 9 12 3 4 8 6 3 9 7 5 11 3 12 9 13 4 9 11 2 12 13 7 10 14 7 4 8 9 9 12 8 8 12 9 
6 9 3 14 8 10 6 4 8 12 8 11 7 10 13 10 6 10 9 5 8 7 3 8 8 8 9 6 7 6 10 6 9 8 7 7 12 2 11 16 9 9 16 6 8 12 14 4 7 7 13 11 14 5 10 8 15 7 13 4 8 10 3 5 6 8 8 4 8 8 10 4 14 4 12 12 3 15 16 10 6 8 10 9 4 14 6 12 3 9 5 8 14 11 6 9 6 10 7 12 12 10 13 12 8 5 10 7 8 10 8 9 6 14 11 5 10 9 3 5 4 14 12 16 7 7 9 12 3 4 8 6 3 9 7 5 11 3 12 9 13 4 9 11 2 12 13 7 10 14 7 4 8 9 9 12 8 8 12 9 
6 9 3 14 8 10 6 4 8 12 8 11 7 10 13 10 6 10 9 5 8 7 3 8 8 8 9 6 7 6 10 6 9 8 7 7 12 2 11 16 9 9 16 6 8 12 14 4 7 7 13 11 14 5 10 8 15 7 13 4 8 10 3 5 6 8 8 4 8 8 10 4 14 4 12 12 3 15 16 10 6 8 10 9 4 14 6 12 3 9 5 8 14 11 6 9 6 10 7 12 12 10 13 12 8 5 10 7 8 10 8 9 6 14 11 5 10 9 3 5 4 14 12 16 7 7 9 12 3 4 8 6 3 9 7 5 11 3 12 9 13 4 9 11 2 12 13 7 10 14 7 4 8 9 9 12 8 8 12 9 
6 9 3 14 8 10 6 4 8 12 8 11 7 10 13 10 6 10 9 5 8 7 3 8 8 8 9 6 7 6 10 6 9 8 7 7 12 2 11 16 9 9 16 6 8 12 14 4 7 7 13 11 14 5 10 8 15 7 13 4 8 10 3 5 6 8 8 4 8 8 10 4 14 4 12 12 3 15 16 10 6 8 10 9 4 14 6 12 3 9 5 8 14 11 6 9 6 10 7 12 12 10 13 12 8 5 10 7 8 10 8 9 6 14 11 5 10 9 3 5 4 14 12 16 7 7 9 12 3 4 8 6 3 9 7 5 11 3 12 9 13 4 9 11 2 12 13 7 10 14 7 4 8 9 9 12 8 8 12 9 
6 9 3 14 8 10 6 4 8 12 8 11 7 10 13 10 6 10 9 5 8 7 3 8 8 8 9 6 7 6 10 6 9 8 7 7 12 2 11 16 9 9 16 6 8 12 14 4 7 7 13 11 14 5 10 8 15 7 13 4 8 10 3 5 6 8 8 4 8 8 10 4 14 4 12 12 3 15 16 10 6 8 10 9 4 14 6 12 3 9 5 8 14 11 6 9 6 10 7 12 12 10 13 12 8 5 10 7 8 10 8 9 6 14 11 5 10 9 3 5 4 14 12 16 7 7 9 12 3 4 8 6 3 9 7 5 11 3 12 9 13 4 9 11 2 12 13 7 10 14 7 4 8 9 9 12 8 8 12 9 
6 9 3 14 8 10 6 4 8 12 8 11 7 10 13 10 6 10 9 5 8 7 3 8 8 8 9 6 7 6 10 6 9 8 7 7 12 2 11 16 9 9 16 6 8 12 14 4 7 7 13 11 14 5 10 8 15 7 13 4 8 10 3 5 6 8 8 4 8 8 10 4 14 4 12 12 3 15 16 10 6 8 10 9 4 14 6 12 3 9 5 8 14 11 6 9 6 10 7 12 12 10 13 12 8 5 10 7 8 10 8 9 6 14 11 5 10 9 3 5 4 14 12 16 7 7 9 12 3 4 8 6 3 9 7 5 11 3 12 9 13 4 9 11 2 12 13 7 10 14 7 4 8 9 9 12 8 8 12 9 
6 9 3 14 8 10 6 4 8 12 8 11 7 10 13 10 6 10 9 5 8 7 3 8 8 8 9 6 7 6 10 6 9 8 7 7 12 2 11 16 9 9 16 6 8 12 14 4 7 7 13 11 14 5 10 8 15 7 13 4 8 10 3 5 6 8 8 4 8 8 10 4 14 4 12 12 3 15 16 10 6 8 10 9 4 14 6 12 3 9 5 8 14 11 6 9 6 10 7 12 12 10 13 12 8 5 10 7 8 10 8 9 6 14 11 5 10 9 3 5 4 14 12 16 7 7 9 12 3 4 8 6 3 9 7 5 11 3 12 9 13 4 9 11 2 12 13 7 10 14 7 4 8 9 9 12 8 8 12 9 
6 9 3 14 8 10 6 4 8 12 8 11 7 10 13 10 6 10 9 5 8 7 3 8 8 8 9 6 7 6 10 6 9 8 7 7 12 2 11 16 9 9 16 6 8 12 14 4 7 7 13 11 14 5 10 8 15 7 13 4 8 10 3 5 6 8 8 4 8 8 10 4 14 4 12 12 3 15 16 10 6 8 10 9 4 14 6 12 3 9 5 8 14 11 6 9 6 10 7 12 12 10 13 12 8 5 10 7 8 10 8 9 6 14 11 5 10 9 3 5 4 14 12 16 7 7 9 12 3 4 8 6 3 9 7 5 11 3 12 9 13 4 9 11 2 12 13 7 10 14 7 4 8 9 9 12 8 8 12 9 
6 9 3 14 8 10 6 4 8 12 8 11 7 10 13 10 6 10 9 5 8 7 3 8 8 8 9 6 7 6 10 6 9 8 7 7 12 2 11 16 9 9 16 6 8 12 14 4 7 7 13 11 14 5 10 8 15 7 13 4 8 10 3 5 6 8 8 4 8 8 10 4 14 4 12 12 3 15 16 10 6 8 10 9 4 14 6 12 3 9 5 8 14 11 6 9 6 10 7 12 12 10 13 12 8 5 10 7 8 10 8 9 6 14 11 5 10 9 3 5 4 14 12 16 7 7 9 12 3 4 8 6 3 9 7 5 11 3 12 9 13 4 9 11 2 12 13 7 10 14 7 4 8 9 9 12 8 8 12 9 
6 9 3 14 8 10 6 4 8 12 8 11 7 10 13 10 6 10 9 5 8 7 3 8 8 8 9 6 7 6 10 6 9 8 7 7 12 2 11 16 9 9 16 6 8 12 14 4 7 7 13 11 14 5 10 8 15 7 13 4 8 10 3 5 6 8 8 4 8 8 10 4 14 4 12 12 3 15 16 10 6 8 10 9 4 14 6 12 3 9 5 8 14 11 6 9 6 10 7 12 12 10 13 12 8 5 10 7 8 10 8 9 6 14 11 5 10 9 3 5 4 14 12 16 7 7 9 12 3 4 8 6 3 9 7 5 11 3 12 9 13 4 9 11 2 12 13 7 10 14 7 4 8 9 9 12 8 8 12 9 
6 9 3 14 8 10 6 4 8 12 8 11 7 10 13 10 6 10 9 5 8 7 3 8 8 8 9 6 7 6 10 6 9 8 7 7 12 2 11 16 9 9 16 6 8 12 14 4 7 7 13 11 14 5 10 8 15 7 13 4 8 10 3 5 6 8 8 4 8 8 10 4 14 4 12 12 3 15 16 10 6 8 10 9 4 14 6 12 3 9 5 8 14 11 6 9 6 10 7 12 12 10 13 12 8 5 10 7 8 10 8 9 6 14 11 5 10 9 3 5 4 14 12 16 7 7 9 12 3 4 8 6 3 9 7 5 11 3 12 9 13 4 9 11 2 12 13 7 10 14 7 4 8 9 9 12 8 8 12 9 
6 9 3 14 8 10 6 4 8 12 8 11 7 10 13 10 6 10 9 5 8 7 3 8 8 8 9 6 7 6 10 6 9 8 7 7 12 2 11 16 9 9 16 6 8 12 14 4 7 7 13 11 14 5 10 8 15 7 13 4 8 10 3 5 6 8 8 4 8 8 10 4 14 4 12 12 3 15 16 10 6 8 10 9 4 14 6 12 3 9 5 8 14 11 6 9 6 10 7 12 12 10 13 12 8 5 10 7 8 10 8 9 6 14 11 5 10 9 3 5 4 14 12 16 7 7 9 12 3 4 8 6 3 9 7 5 11 3 12 9 13 4 9 11 2 12 13 7 10 14 7 4 8 9 9 12 8 8 12 9 
6 9 3 14 8 10 6 4 8 12 8 11 7 10 13 10 6 10 9 5 8 7 3 8 8 8 9 6 7 6 10 6 9 8 7 7 12 2 11 16 9 9 16 6 8 12 14 4 7 7 13 11 14 5 10 8 15 7 13 4 8 10 3 5 6 8 8 4 8 8 10 4 14 4 12 12 3 15 16 10 6 8 10 9 4 14 6 12 3 9 5 8 14 11 6 9 6 10 7 12 12 10 13 12 8 5 10 7 8 10 8 9 6 14 11 5 10 9 3 5 4 14 12 16 7 7 9 12 3 4 8 6 3 9 7 5 11 3 12 9 13 4 9 11 2 12 13 7 10 14 7 4 8 9 9 12 8 8 12 9 
6 9 3 14 8 10 6 4 8 12 8 11 7 10 13 10 6 10 9 5 8 7 3 8 8 8 9 6 7 6 10 6 9 8 7 7 12 2 11 16 9 9 16 6 8 12 14 4 7 7 13 11 14 5 10 8 15 7 13 4 8 10 3 5 6 8 8 4 8 8 10 4 14 4 12 12 3 15 16 10 6 8 10 9 4 14 6 12 3 9 5 8 14 11 6 9 6 10 7 12 12 10 13 12 8 5 10 7 8 10 8 9 6 14 11 5 10 9 3 5 4 14 12 16 7 7 9 12 3 4 8 6 3 9 7 5 11 3 12 9 13 4 9 11 2 12 13 7 10 14 7 4 8 9 9 12 8 8 12 9 
6 9 3 14 8 10 6 4 8 12 8 11 7 10 13 10 6 10 9 5 8 7 3 8 8 8 9 6 7 6 10 6 9 8 7 7 12 2 11 16 9 9 16 6 8 12 14 4 7 7 13 11 14 5 10 8 15 7 13 4 8 10 3 5 6 8 8 4 8 8 10 4 14 4 12 12 3 15 16 10 6 8 10 9 4 14 6 12 3 9 5 8 14 11 6 9 6 10 7 12 12 10 13 12 8 5 10 7 8 10 8 9 6 14 11 5 10 9 3 5 4 14 12 16 7 7 9 12 3 4 8 6 3 9 7 5 11 3 12 9 13 4 9 11 2 12 13 7 10 14 7 4 8 9 9 12 8 8 12 9 
6 9 3 14 8 10 6 4 8 12 8 11 7 10 13 10 6 10 9 5 8 7 3 8 8 8 9 6 7 6 10 6 9 8 7 7 12 2 11 16 9 9 16 6 8 12 14 4 7 7 13 11 14 5 10 8 15 7 13 4 8 10 3 5 6 8 8 4 8 8 10 4 14 4 12 12 3 15 16 10 6 8 10 9 4 14 6 12 3 9 5 8 14 11 6 9 6 10 7 12 12 10 13 12 8 5 10 7 8 10 8 9 6 14 11 5 10 9 3 5 4 14 12 16 7 7 9 12 3 4 8 6 3 9 7 5 11 3 12 9 13 4 9 11 2 12 13 7 10 14 7 4 8 9 9 12 8 8 12 9 
6 9 3 14 8 10 6 4 8 12 8 11 7 10 13 10 6 10 9 5 8 7 3 8 8 8 9 6 7 6 10 6 9 8 7 7 12 2 11 16 9 9 16 6 8 12 14 4 7 7 13 11 14 5 10 8 15 7 13 4 8 10 3 5 6 8 8 4 8 8 10 4 14 4 12 12 3 15 16 10 6 8 10 9 4 14 6 12 3 9 5 8 14 11 6 9 6 10 7 12 12 10 13 12 8 5 10 7 8 10 8 9 6 14 11 5 10 9 3 5 4 14 12 16 7 7 9 12 3 4 8 6 3 9 7 5 11 3 12 9 13 4 9 11 2 12 13 7 10 14 7 4 8 9 9 12 8 8 12 9 
6 9 3 14 8 10 6 4 8 12 8 11 7 10 13 10 6 10 9 5 8 7 3 8 8 8 9 6 7 6 10 6 9 8 7 7 12 2 11 16 9 9 16 6 8 12 14 4 7 7 13 11 14 5 10 8 15 7 13 4 8 10 3 5 6 8 8 4 8 8 10 4 14 4 12 12 3 15 16 10 6 8 10 9 4 14 6 12 3 9 5 8 14 11 6 9 6 10 7 12 12 10 13 12 8 5 10 7 8 10 8 9 6 14 11 5 10 9 3 5 4 14 12 16 7 7 9 12 3 4 8 6 3 9 7 5 11 3 12 9 13 4 9 11 2 12 13 7 10 14 7 4 8 9 9 12 8 8 12 9 
6 9 3 14 8 10 6 4 8 12 8 11 7 10 13 10 6 10 9 5 8 7 3 8 8 8 9 6 7 6 10 6 9 8 7 7 12 2 11 16 9 9 16 6 8 12 14 4 7 7 13 11 14 5 10 8 15 7 13 4 8 10 3 5 6 8 8 4 8 8 10 4 14 4 12 12 3 15 16 10 6 8 10 9 4 14 6 12 3 9 5 8 14 11 6 9 6 10 7 12 12 10 13 12 8 5 10 7 8 10 8 9 6 14 11 5 10 9 3 5 4 14 12 16 7 7 9 12 3 4 8 6 3 9 7 5 11 3 12 9 13 4 9 11 2 12 13 7 10 14 7 4 8 9 9 12 8 8 12 9 
6 9 3 14 8 10 6 4 8 12 8 11 7 10 13 10 6 10 9 5 8 7 3 8 8 8 9 6 7 6 10 6 9 8 7 7 12 2 11 16 9 9 16 6 8 12 14 4 7 7 13 11 14 5 10 8 15 7 13 4 8 10 3 5 6 8 8 4 8 8 10 4 14 4 12 12 3 15 16 10 6 8 10 9 4 14 6 12 3 9 5 8 14 11 6 9 6 10 7 12 12 10 13 12 8 5 10 7 8 10 8 9 6 14 11 5 10 9 3 5 4 14 12 16 7 7 9 12 3 4 8 6 3 9 7 5 11 3 12 9 13 4 9 11 2 12 13 7 10 14 7 4 8 9 9 12 8 8 12 9 
6 9 3 14 8 10 6 4 8 12 8 11 7 10 13 10 6 10 9 5 8 7 3 8 8 8 9 6 7 6 10 6 9 8 7 7 12 2 11 16 9 9 16 6 8 12 14 4 7 7 13 11 14 5 10 8 15 7 13 4 8 10 3 5 6 8 8 4 8 8 10 4 14 4 12 12 3 15 16 10 6 8 10 9 4 14 6 12 3 9 5 8 14 11 6 9 6 10 7 12 12 10 13 12 8 5 10 7 8 10 8 9 6 14 11 5 10 9 3 5 4 14 12 16 7 7 9 12 3 4 8 6 3 9 7 5 11 3 12 9 13 4 9 11 2 12 13 7 10 14 7 4 8 9 9 12 8 8 12 9 
6 9 3 14 8 10 6 4 8 12 8 11 7 10 13 10 6 10 9 5 8 7 3 8 8 8 9 6 7 6 10 6 9 8 7 7 12 2 11 16 9 9 16 6 8 12 14 4 7 7 13 11 14 5 10 8 15 7 13 4 8 10 3 5 6 8 8 4 8 8 10 4 14 4 12 12 3 15 16 10 6 8 10 9 4 14 6 12 3 9 5 8 14 11 6 9 6 10 7 12 12 10 13 12 8 5 10 7 8 10 8 9 6 14 11 5 10 9 3 5 4 14 12 16 7 7 9 12 3 4 8 6 3 9 7 5 11 3 12 9 13 4 9 11 2 12 13 7 10 14 7 4 8 9 9 12 8 8 12 9 
6 9 3 14 8 10 6 4 8 12 8 11 7 10 13 10 6 10 9 5 8 7 3 8 8 8 9 6 7 6 10 6 9 8 7 7 12 2 11 16 9 9 16 6 8 12 14 4 7 7 13 11 14 5 10 8 15 7 13 4 8 10 3 5 6 8 8 4 8 8 10 4 14 4 12 12 3 15 16 10 6 8 10 9 4 14 6 12 3 9 5 8 14 11 6 9 6 10 7 12 12 10 13 12 8 5 10 7 8 10 8 9 6 14 11 5 10 9 3 5 4 14 12 16 7 7 9 12 3 4 8 6 3 9 7 5 11 3 12 9 13 4 9 11 2 12 13 7 10 14 7 4 8 9 9 12 8 8 12 9 
6 9 3 14 8 10 6 4 8 12 8 11 7 10 13 10 6 10 9 5 8 7 3 8 8 8 9 6 7 6 10 6 9 8 7 7 12 2 11 16 9 9 16 6 8 12 14 4 7 7 13 11 14 5 10 8 15 7 13 4 8 10 3 5 6 8 8 4 8 8 10 4 14 4 12 12 3 15 16 10 6 8 10 9 4 14 6 12 3 9 5 8 14 11 6 9 6 10 7 12 12 10 13 12 8 5 10 7 8 10 8 9 6 14 11 5 10 9 3 5 4 14 12 16 7 7 9 12 3 4 8 6 3 9 7 5 11 3 12 9 13 4 9 11 2 12 13 7 10 14 7 4 8 9 9 12 8 8 12 9 
6 9 3 14 8 10 6 4 8 12 8 11 7 10 13 10 6 10 9 5 8 7 3 8 8 8 9 6 7 6 10 6 9 8 7 7 12 2 11 16 9 9 16 6 8 12 14 4 7 7 13 11 14 5 10 8 15 7 13 4 8 10 3 5 6 8 8 4 8 8 10 4 14 4 12 12 3 15 16 10 6 8 10 9 4 14 6 12 3 9 5 8 14 11 6 9 6 10 7 12 12 10 13 12 8 5 10 7 8 10 8 9 6 14 11 5 10 9 3 5 4 14 12 16 7 7 9 12 3 4 8 6 3 9 7 5 11 3 12 9 13 4 9 11 2 12 13 7 10 14 7 4 8 9 9 12 8 8 12 9 
6 9 3 14 8 10 6 4 8 12 8 11 7 10 13 10 6 10 9 5 8 7 3 8 8 8 9 6 7 6 10 6 9 8 7 7 12 2 11 16 9 9 16 6 8 12 14 4 7 7 13 11 14 5 10 8 15 7 13 4 8 10 3 5 6 8 8 4 8 8 10 4 14 4 12 12 3 15 16 10 6 8 10 9 4 14 6 12 3 9 5 8 14 11 6 9 6 10 7 12 12 10 13 12 8 5 10 7 8 10 8 9 6 14 11 5 10 9 3 5 4 14 12 16 7 7 9 12 3 4 8 6 3 9 7 5 11 3 12 9 13 4 9 11 2 12 13 7 10 14 7 4 8 9 9 12 8 8 12 9 
6 9 3 14 8 10 6 4 8 12 8 11 7 10 13 10 6 10 9 5 8 7 3 8 8 8 9 6 7 6 10 6 9 8 7 7 12 2 11 16 9 9 16 6 8 12 14 4 7 7 13 11 14 5 10 8 15 7 13 4 8 10 3 5 6 8 8 4 8 8 10 4 14 4 12 12 3 15 16 10 6 8 10 9 4 14 6 12 3 9 5 8 14 11 6 9 6 10 7 12 12 10 13 12 8 5 10 7 8 10 8 9 6 14 11 5 10 9 3 5 4 14 12 16 7 7 9 12 3 4 8 6 3 9 7 5 11 3 12 9 13 4 9 11 2 12 13 7 10 14 7 4 8 9 9 12 8 8 12 9 
6 9 3 14 8 10 6 4 8 12 8 11 7 10 13 10 6 10 9 5 8 7 3 8 8 8 9 6 7 6 10 6 9 8 7 7 12 2 11 16 9 9 16 6 8 12 14 4 7 7 13 11 14 5 10 8 15 7 13 4 8 10 3 5 6 8 8 4 8 8 10 4 14 4 12 12 3 15 16 10 6 8 10 9 4 14 6 12 3 9 5 8 14 11 6 9 6 10 7 12 12 10 13 12 8 5 10 7 8 10 8 9 6 14 11 5 10 9 3 5 4 14 12 16 7 7 9 12 3 4 8 6 3 9 7 5 11 3 12 9 13 4 9 11 2 12 13 7 10 14 7 4 8 9 9 12 8 8 12 9 
6 9 3 14 8 10 6 4 8 12 8 11 7 10 13 10 6 10 9 5 8 7 3 8 8 8 9 6 7 6 10 6 9 8 7 7 12 2 11 16 9 9 16 6 8 12 14 4 7 7 13 11 14 5 10 8 15 7 13 4 8 10 3 5 6 8 8 4 8 8 10 4 14 4 12 12 3 15 16 10 6 8 10 9 4 14 6 12 3 9 5 8 14 11 6 9 6 10 7 12 12 10 13 12 8 5 10 7 8 10 8 9 6 14 11 5 10 9 3 5 4 14 12 16 7 7 9 12 3 4 8 6 3 9 7 5 11 3 12 9 13 4 9 11 2 12 13 7 10 14 7 4 8 9 9 12 8 8 12 9 
6 9 3 14 8 10 6 4 8 12 8 11 7 10 13 10 6 10 9 5 8 7 3 8 8 8 9 6 7 6 10 6 9 8 7 7 12 2 11 16 9 9 16 6 8 12 14 4 7 7 13 11 14 5 10 8 15 7 13 4 8 10 3 5 6 8 8 4 8 8 10 4 14 4 12 12 3 15 16 10 6 8 10 9 4 14 6 12 3 9 5 8 14 11 6 9 6 10 7 12 12 10 13 12 8 5 10 7 8 10 8 9 6 14 11 5 10 9 3 5 4 14 12 16 7 7 9 12 3 4 8 6 3 9 7 5 11 3 12 9 13 4 9 11 2 12 13 7 10 14 7 4 8 9 9 12 8 8 12 9 
6 9 3 14 8 10 6 4 8 12 8 11 7 10 13 10 6 10 9 5 8 7 3 8 8 8 9 6 7 6 10 6 9 8 7 7 12 2 11 16 9 9 16 6 8 12 14 4 7 7 13 11 14 5 10 8 15 7 13 4 8 10 3 5 6 8 8 4 8 8 10 4 14 4 12 12 3 15 16 10 6 8 10 9 4 14 6 12 3 9 5 8 14 11 6 9 6 10 7 12 12 10 13 12 8 5 10 7 8 10 8 9 6 14 11 5 10 9 3 5 4 14 12 16 7 7 9 12 3 4 8 6 3 9 7 5 11 3 12 9 13 4 9 11 2 12 13 7 10 14 7 4 8 9 9 12 8 8 12 9 
6 9 3 14 8 10 6 4 8 12 8 11 7 10 13 10 6 10 9 5 8 7 3 8 8 8 9 6 7 6 10 6 9 8 7 7 12 2 11 16 9 9 16 6 8 12 14 4 7 7 13 11 14 5 10 8 15 7 13 4 8 10 3 5 6 8 8 4 8 8 10 4 14 4 12 12 3 15 16 10 6 8 10 9 4 14 6 12 3 9 5 8 14 11 6 9 6 10 7 12 12 10 13 12 8 5 10 7 8 10 8 9 6 14 11 5 10 9 3 5 4 14 12 16 7 7 9 12 3 4 8 6 3 9 7 5 11 3 12 9 13 4 9 11 2 12 13 7 10 14 7 4 8 9 9 12 8 8 12 9 
6 9 3 14 8 10 6 4 8 12 8 11 7 10 13 10 6 10 9 5 8 7 3 8 8 8 9 6 7 6 10 6 9 8 7 7 12 2 11 16 9 9 16 6 8 12 14 4 7 7 13 11 14 5 10 8 15 7 13 4 8 10 3 5 6 8 8 4 8 8 10 4 14 4 12 12 3 15 16 10 6 8 10 9 4 14 6 12 3 9 5 8 14 11 6 9 6 10 7 12 12 10 13 12 8 5 10 7 8 10 8 9 6 14 11 5 10 9 3 5 4 14 12 16 7 7 9 12 3 4 8 6 3 9 7 5 11 3 12 9 13 4 9 11 2 12 13 7 10 14 7 4 8 9 9 12 8 8 12 9 
6 9 3 14 8 10 6 4 8 12 8 11 7 10 13 10 6 10 9 5 8 7 3 8 8 8 9 6 7 6 10 6 9 8 7 7 12 2 11 16 9 9 16 6 8 12 14 4 7 7 13 11 14 5 10 8 15 7 13 4 8 10 3 5 6 8 8 4 8 8 10 4 14 4 12 12 3 15 16 10 6 8 10 9 4 14 6 12 3 9 5 8 14 11 6 9 6 10 7 12 12 10 13 12 8 5 10 7 8 10 8 9 6 14 11 5 10 9 3 5 4 14 12 16 7 7 9 12 3 4 8 6 3 9 7 5 11 3 12 9 13 4 9 11 2 12 13 7 10 14 7 4 8 9 9 12 8 8 12 9 
6 9 3 14 8 10 6 4 8 12 8 11 7 10 13 10 6 10 9 5 8 7 3 8 8 8 9 6 7 6 10 6 9 8 7 7 12 2 11 16 9 9 16 6 8 12 14 4 7 7 13 11 14 5 10 8 15 7 13 4 8 10 3 5 6 8 8 4 8 8 10 4 14 4 12 12 3 15 16 10 6 8 10 9 4 14 6 12 3 9 5 8 14 11 6 9 6 10 7 12 12 10 13 12 8 5 10 7 8 10 8 9 6 14 11 5 10 9 3 5 4 14 12 16 7 7 9 12 3 4 8 6 3 9 7 5 11 3 12 9 13 4 9 11 2 12 13 7 10 14 7 4 8 9 9 12 8 8 12 9 
6 9 3 14 8 10 6 4 8 12 8 11 7 10 13 10 6 10 9 5 8 7 3 8 8 8 9 6 7 6 10 6 9 8 7 7 12 2 11 16 9 9 16 6 8 12 14 4 7 7 13 11 14 5 10 8 15 7 13 4 8 10 3 5 6 8 8 4 8 8 10 4 14 4 12 12 3 15 16 10 6 8 10 9 4 14 6 12 3 9 5 8 14 11 6 9 6 10 7 12 12 10 13 12 8 5 10 7 8 10 8 9 6 14 11 5 10 9 3 5 4 14 12 16 7 7 9 12 3 4 8 6 3 9 7 5 11 3 12 9 13 4 9 11 2 12 13 7 10 14 7 4 8 9 9 12 8 8 12 9 
6 9 3 14 8 10 6 4 8 12 8 11 7 10 13 10 6 10 9 5 8 7 3 8 8 8 9 6 7 6 10 6 9 8 7 7 12 2 11 16 9 9 16 6 8 12 14 4 7 7 13 11 14 5 10 8 15 7 13 4 8 10 3 5 6 8 8 4 8 8 10 4 14 4 12 12 3 15 16 10 6 8 10 9 4 14 6 12 3 9 5 8 14 11 6 9 6 10 7 12 12 10 13 12 8 5 10 7 8 10 8 9 6 14 11 5 10 9 3 5 4 14 12 16 7 7 9 12 3 4 8 6 3 9 7 5 11 3 12 9 13 4 9 11 2 12 13 7 10 14 7 4 8 9 9 12 8 8 12 9 
6 9 3 14 8 10 6 4 8 12 8 11 7 10 13 10 6 10 9 5 8 7 3 8 8 8 9 6 7 6 10 6 9 8 7 7 12 2 11 16 9 9 16 6 8 12 14 4 7 7 13 11 14 5 10 8 15 7 13 4 8 10 3 5 6 8 8 4 8 8 10 4 14 4 12 12 3 15 16 10 6 8 10 9 4 14 6 12 3 9 5 8 14 11 6 9 6 10 7 12 12 10 13 12 8 5 10 7 8 10 8 9 6 14 11 5 10 9 3 5 4 14 12 16 7 7 9 12 3 4 8 6 3 9 7 5 11 3 12 9 13 4 9 11 2 12 13 7 10 14 7 4 8 9 9 12 8 8 12 9 
