90
20 19
19 26
6 11
25 4
21 13
24 5
29 22
7 32
32 24
8 20
30 34
13 23
17 5
31 11
17 28
18 15
32 26
14 16
19 19
15 4
35 22
24 25
9 14
5 32
15 17
29 24
21 30
16 33
32 34
6 4
7 20
29 18
30 22
11 31
33 21
10 27
26 4
14 7
19 18
14 20
16 24
21 17
8 18
26 14
15 4
15 7
14 6
25 22
7 13
31 18
31 29
29 24
20 22
13 21
20 14
11 27
17 29
26 10
6 22
25 19
17 11
20 24
24 13
17 28
16 4
27 20
26 28
22 33
20 13
16 26
35 30
6 12
4 16
35 35
28 16
14 5
16 28
29 23
25 6
27 35
4 19
19 9
5 18
11 19
31 8
10 13
5 13
26 16
33 22
8 13
