160
23 10
30 28
8 28
28 27
5 35
18 20
18 21
25 20
24 17
18 10
8 35
25 7
4 27
34 11
5 34
14 22
12 10
10 8
31 24
5 35
16 20
25 9
20 27
21 35
12 11
35 34
17 30
27 24
16 20
14 11
5 31
25 11
7 19
12 14
5 14
34 13
29 18
28 4
14 21
14 14
9 4
33 7
28 16
34 29
35 32
35 10
5 32
10 23
16 5
33 21
14 4
32 5
31 11
30 22
21 12
31 30
30 35
30 31
14 7
26 24
26 33
15 28
11 7
34 24
20 32
9 21
17 16
5 22
18 9
28 21
9 10
29 17
7 22
6 27
34 32
8 33
16 27
31 33
18 15
30 9
29 15
10 8
21 14
25 20
11 21
25 30
22 34
32 34
13 14
7 21
11 9
28 33
9 6
33 25
28 13
15 19
30 18
8 20
15 21
6 7
29 30
34 5
17 12
24 9
12 33
19 24
7 23
18 19
31 14
25 4
9 26
7 11
17 22
31 9
34 34
13 32
28 12
17 34
12 31
4 16
8 20
15 9
17 23
15 17
35 18
23 10
21 4
35 22
32 22
35 33
6 30
31 27
12 21
23 16
32 24
20 10
35 15
10 32
28 20
18 34
27 25
28 10
34 9
33 20
12 31
15 7
30 22
21 35
23 34
21 15
17 7
20 18
26 24
32 34
31 27
6 24
12 31
31 18
35 25
32 22
