120
25 30
27 28
10 7
7 34
7 27
23 35
5 19
32 30
27 13
11 30
7 19
16 20
28 21
7 29
28 14
14 10
31 9
32 30
13 5
7 35
18 20
22 34
6 10
23 7
9 28
24 10
30 20
14 32
23 32
16 5
21 15
10 19
10 19
13 19
34 29
18 27
31 34
17 26
20 14
31 21
9 31
32 4
32 11
19 34
15 4
7 10
15 15
34 35
18 25
14 28
22 15
19 26
18 14
25 22
11 24
16 26
25 16
23 29
18 34
4 22
9 4
21 19
28 10
27 22
29 10
12 27
13 20
34 16
12 6
35 21
12 18
19 18
34 28
21 31
35 10
30 33
35 17
30 13
6 11
4 19
18 32
26 16
16 10
30 20
13 31
23 28
8 30
20 21
14 32
6 10
4 15
13 30
30 17
22 26
35 12
14 5
35 26
14 31
34 15
32 15
22 10
12 12
25 27
31 28
24 6
11 33
25 13
8 13
34 25
32 17
16 6
11 4
22 35
34 29
29 24
30 25
26 34
11 34
32 21
35 7
