100
14 35
34 18
14 34
20 19
18 32
14 29
11 26
9 19
24 21
4 11
18 13
31 22
31 19
8 29
20 32
30 23
17 5
16 21
9 10
34 26
35 23
35 12
14 13
6 32
28 17
17 30
19 25
13 29
7 33
15 29
19 22
18 20
32 32
26 5
8 21
4 26
10 8
20 17
4 5
34 26
35 18
9 13
9 13
28 4
5 27
11 35
10 32
8 29
23 35
19 17
16 23
11 17
22 16
29 35
4 6
29 24
15 17
35 35
35 7
6 15
11 5
10 9
23 7
25 8
34 16
31 26
4 27
19 14
26 14
19 26
15 7
28 7
20 31
12 12
4 12
20 25
15 18
13 30
26 31
30 6
24 17
5 13
20 20
19 22
14 7
25 6
29 18
4 32
16 22
32 32
21 25
21 34
12 9
30 20
34 13
9 27
34 21
5 12
14 14
17 15
