300
19 29
16 26
16 22
34 23
8 20
27 17
4 16
26 28
6 16
13 33
23 7
17 24
34 9
30 29
5 16
5 6
31 27
21 35
4 16
5 8
9 29
20 35
17 28
21 34
14 11
12 29
4 10
22 14
34 10
28 9
16 22
33 20
13 24
30 6
27 6
22 31
35 15
5 35
24 26
12 29
9 17
15 25
15 6
27 11
20 30
10 22
17 18
25 27
10 21
18 25
26 13
32 8
20 11
4 29
6 5
11 26
17 21
19 23
8 21
11 31
23 30
15 26
14 25
35 34
5 8
28 20
33 31
10 22
15 14
21 7
33 22
16 7
6 31
16 4
29 10
14 9
30 29
29 19
8 21
18 9
7 25
4 9
9 6
10 19
6 19
19 29
24 23
20 17
11 11
15 19
7 8
32 13
25 12
27 30
13 32
28 12
20 12
17 27
18 27
33 29
31 24
32 22
35 30
16 27
8 24
21 27
18 28
15 21
15 13
34 28
28 28
13 33
18 15
17 7
18 4
27 11
12 21
8 20
33 17
23 10
22 25
17 33
18 6
33 27
28 4
21 23
11 35
30 8
28 19
13 14
15 28
28 32
12 18
27 12
9 13
16 20
23 19
10 7
8 33
33 27
25 23
14 28
21 14
18 26
26 11
29 10
32 4
13 23
27 11
30 30
27 29
24 20
16 33
34 6
28 29
24 11
8 18
11 16
21 14
4 7
31 19
14 10
23 32
28 7
30 28
30 19
27 19
16 14
14 31
26 13
22 22
7 29
10 25
4 17
33 14
19 22
21 35
8 22
20 17
25 8
5 11
7 4
20 9
18 20
19 29
29 7
12 31
16 6
33 25
10 7
22 22
24 22
12 34
31 28
27 34
34 29
5 11
10 9
6 17
12 19
10 26
24 18
34 7
35 22
20 8
18 14
4 25
14 12
16 11
14 4
25 25
23 11
10 23
7 12
25 32
33 16
4 13
21 15
15 24
20 7
31 10
29 23
8 17
16 17
16 16
23 10
12 14
16 22
4 32
34 12
23 17
28 31
28 9
31 8
11 8
26 8
7 31
22 7
9 24
17 19
31 14
12 9
20 11
34 8
6 29
27 30
15 34
29 21
4 24
18 24
5 10
18 33
26 27
13 34
4 19
14 35
10 32
30 30
13 26
9 28
6 34
19 33
5 32
24 13
25 18
13 23
33 15
18 5
25 32
30 28
21 30
21 7
14 35
28 35
17 13
24 19
6 10
23 16
30 28
27 4
32 34
19 23
26 4
25 12
31 7
34 22
22 5
6 22
26 30
12 10
4 33
21 20
10 23
17 31
5 5
22 27
11 20
12 35
19 11
20 21
