200
32 17
15 11
10 18
12 32
23 27
30 27
22 32
9 14
18 28
23 16
15 7
28 22
11 6
20 33
23 20
15 25
9 13
5 10
9 28
18 24
26 34
21 5
11 14
27 31
14 34
29 22
15 34
10 12
33 29
15 11
13 30
6 24
32 6
20 4
19 12
21 32
7 27
13 31
35 10
35 9
26 19
10 32
12 21
33 25
5 8
19 15
30 4
21 4
12 29
10 6
4 33
12 19
19 35
11 33
16 20
14 15
24 25
8 27
9 25
31 8
5 8
20 18
6 12
29 12
21 21
7 23
10 33
16 10
6 23
7 11
34 32
16 13
15 18
32 8
16 11
7 35
15 33
29 29
4 25
32 26
7 32
12 14
4 24
21 35
17 4
11 24
33 15
14 25
27 9
16 16
23 7
32 26
24 24
28 12
12 6
17 21
4 26
17 6
11 11
12 35
16 7
34 24
35 8
15 16
32 22
4 32
12 6
22 15
23 19
11 15
14 8
10 18
23 14
7 30
32 29
8 11
20 15
4 12
13 32
25 4
35 32
27 9
11 34
7 6
27 31
7 14
17 22
12 8
23 28
32 28
7 29
18 12
21 12
18 20
32 4
14 24
14 15
21 13
23 10
28 4
26 33
13 21
11 28
34 14
13 17
27 34
5 23
31 7
8 30
24 28
10 20
32 34
26 31
31 16
32 22
33 19
16 15
34 6
17 18
20 33
33 26
31 31
8 16
20 24
33 25
20 24
32 27
26 19
7 35
24 21
15 9
11 10
4 17
28 29
23 32
25 20
20 13
24 16
23 9
8 34
29 35
11 33
30 21
31 9
14 6
13 31
25 21
35 6
23 6
27 14
21 4
26 32
29 16
31 9
12 10
30 8
21 33
33 34
21 33
14 11
