500
29 16
15 35
17 16
16 8
4 6
5 26
33 16
11 21
30 17
31 30
22 20
35 16
12 13
21 10
31 8
24 9
18 28
27 21
16 33
5 22
35 29
9 10
14 8
8 14
14 35
10 28
29 31
4 26
27 8
21 29
17 11
13 13
16 13
5 24
30 25
8 5
23 20
26 31
25 29
25 15
27 35
6 15
11 23
5 31
32 12
8 34
4 11
7 30
12 35
4 18
4 34
18 7
18 32
10 7
27 22
18 34
22 27
13 18
5 16
17 15
21 22
6 16
15 10
4 22
15 9
25 9
30 34
26 33
23 6
11 6
30 19
21 6
7 34
13 14
6 32
32 33
15 7
15 31
9 27
31 26
21 32
31 32
26 12
14 28
9 10
26 21
17 4
4 10
5 24
11 31
16 26
4 21
13 8
4 29
22 12
16 5
29 17
30 18
28 19
15 24
23 18
5 14
15 11
30 33
13 13
5 9
5 32
28 25
16 32
9 12
26 28
34 26
17 7
35 30
13 8
34 9
6 34
7 30
4 35
28 21
17 12
10 24
11 15
18 31
25 6
15 10
19 23
35 32
6 12
7 19
18 6
25 26
30 12
34 29
27 17
34 13
26 20
9 31
21 32
32 17
18 5
4 27
32 26
8 6
29 23
26 11
10 25
15 30
13 35
8 19
27 28
14 8
6 18
23 7
22 34
27 23
29 29
14 34
14 29
16 12
7 29
24 11
18 26
7 34
5 21
6 30
33 15
22 28
33 6
20 32
26 13
9 26
8 25
13 32
8 15
21 23
26 9
31 8
22 9
26 9
11 14
23 7
16 30
4 28
11 22
26 34
10 15
28 25
16 4
4 21
24 8
32 10
11 28
28 25
6 26
31 22
5 5
10 28
24 28
8 5
35 27
23 10
21 8
27 4
7 6
12 17
7 24
11 12
13 26
14 15
20 26
12 17
27 15
32 14
23 12
8 25
35 6
10 11
33 13
7 20
33 15
9 13
13 10
6 17
27 24
30 21
25 15
14 4
22 26
28 33
18 9
25 27
19 33
12 34
7 17
24 31
15 35
19 35
33 30
35 12
7 26
25 22
7 14
29 18
12 17
25 24
35 8
34 23
23 31
32 13
22 23
21 34
27 23
25 22
24 5
19 14
24 13
22 15
26 10
32 31
21 7
8 20
4 12
9 15
23 13
11 22
24 17
24 25
16 8
22 34
9 4
29 34
7 25
30 7
26 25
15 27
5 8
22 16
10 32
6 22
24 22
17 25
11 28
30 7
10 11
13 16
24 32
13 31
8 11
5 13
32 18
18 26
12 27
24 17
7 18
23 11
21 35
33 25
24 15
24 22
13 22
34 21
12 20
27 23
33 20
31 33
5 8
4 12
9 29
34 22
12 31
13 33
6 11
32 32
19 10
11 15
35 28
15 21
9 12
5 18
25 5
9 4
20 16
10 8
20 20
35 14
33 35
13 14
15 7
4 29
9 20
20 16
35 7
12 21
20 11
15 19
35 31
17 18
16 19
11 18
31 29
13 31
21 20
10 4
19 17
18 21
16 27
16 12
35 7
15 14
33 21
8 33
34 31
13 28
16 32
13 23
24 10
33 14
6 27
26 12
17 8
7 19
34 30
24 21
11 26
10 14
9 6
23 26
27 25
20 22
24 11
31 35
21 5
7 16
4 4
29 15
10 29
5 6
29 35
26 15
25 8
24 24
31 14
22 14
14 26
4 4
7 22
14 13
34 26
6 7
34 10
5 7
14 11
16 6
17 12
27 35
4 32
10 26
29 18
13 4
24 17
11 19
24 31
22 30
4 14
17 30
15 20
9 17
17 18
6 28
16 29
10 7
12 33
5 28
8 31
26 33
28 32
28 24
9 20
9 8
23 23
16 27
24 13
34 16
9 30
13 27
7 7
13 34
18 8
34 33
11 22
31 31
20 23
11 23
8 20
22 35
25 30
21 7
12 23
11 19
18 18
33 22
33 24
6 32
25 9
22 12
15 16
26 6
9 19
17 22
9 18
23 20
32 17
32 19
13 19
10 34
27 31
10 9
20 22
15 8
9 13
7 15
32 31
34 12
22 9
21 18
6 8
13 22
20 16
26 17
13 28
9 23
28 4
29 4
15 35
16 30
33 26
5 33
26 26
15 7
16 25
4 33
34 9
32 17
17 10
15 34
8 11
10 30
20 13
35 28
21 5
11 14
13 4
6 26
29 17
7 25
23 33
9 24
26 5
5 23
