200
49
26
28
44
50
57
54
23
46
39
22
50
17
53
43
40
22
15
37
42
60
26
25
58
48
51
49
22
62
26
43
30
38
24
31
53
34
44
45
44
45
42
33
58
13
34
34
25
41
16
37
31
54
44
36
29
49
35
34
39
13
38
18
41
42
30
43
26
29
18
66
29
33
40
27
42
48
58
29
58
39
26
28
56
21
35
48
39
36
32
30
58
48
40
18
38
30
23
22
47
23
58
43
31
54
36
18
37
42
26
22
28
37
37
61
19
35
16
45
29
67
36
45
13
58
21
39
20
51
60
36
30
33
38
36
38
29
34
33
32
59
34
39
48
30
61
28
38
38
52
30
66
57
47
54
52
31
40
35
53
59
62
24
44
58
44
59
45
42
45
24
21
21
57
55
45
33
40
32
42
64
44
51
40
20
44
46
41
29
41
25
58
45
40
22
38
54
67
54
25
