500
45
50
33
24
10
31
49
32
47
61
42
51
25
31
39
33
46
48
49
27
64
19
22
22
49
38
60
30
35
50
28
26
29
29
55
13
43
57
54
40
62
21
34
36
44
42
15
37
47
22
38
25
50
17
49
52
49
31
21
32
43
22
25
26
24
34
64
59
29
17
49
27
41
27
38
65
22
46
36
57
53
63
38
42
19
47
21
14
29
42
42
25
21
33
34
21
46
48
47
39
41
19
26
63
26
14
37
53
48
21
54
60
24
65
21
43
40
37
39
49
29
34
26
49
31
25
42
67
18
26
24
51
42
63
44
47
46
40
53
49
23
31
58
14
52
37
35
45
48
27
55
22
24
30
56
50
58
48
43
28
36
35
44
41
26
36
48
50
39
52
39
35
33
45
23
44
35
39
31
35
25
30
46
32
33
60
25
53
20
25
32
42
39
53
32
53
10
38
52
13
62
33
29
31
13
29
31
23
39
29
46
29
42
46
35
33
41
21
46
27
48
22
23
23
51
51
40
18
48
61
27
52
52
46
24
55
50
54
63
47
33
47
21
47
29
49
43
57
54
45
45
55
50
47
29
33
37
37
36
63
28
28
16
24
36
33
41
49
24
56
13
63
32
37
51
42
13
38
42
28
46
42
39
37
21
29
56
44
19
18
50
44
39
41
25
34
56
58
39
46
35
55
32
50
53
64
13
16
38
56
43
46
17
64
29
26
63
36
21
23
30
13
36
18
40
49
68
27
22
33
29
36
42
33
31
34
66
35
35
29
60
44
41
14
36
39
43
28
42
29
54
41
65
41
48
36
34
47
33
38
25
26
64
45
37
24
15
49
52
42
35
66
26
23
8
44
39
11
64
41
33
48
45
36
40
8
29
27
60
13
44
12
25
22
29
62
36
36
47
17
41
30
55
52
18
47
35
26
35
34
45
17
45
33
39
59
60
52
29
17
46
43
37
50
39
40
14
47
26
67
33
62
43
34
28
57
55
28
35
30
36
55
57
38
34
34
31
32
28
39
27
43
49
51
32
44
58
19
42
23
22
22
63
46
31
39
14
35
36
43
41
32
32
33
50
46
59
38
52
22
41
37
43
49
27
49
19
40
33
63
26
25
17
32
46
32
56
33
31
28
