300
48
42
38
57
28
44
20
54
22
46
30
41
43
59
21
11
58
56
20
13
38
55
45
55
25
41
14
36
44
37
38
53
37
36
33
53
50
40
50
41
26
40
21
38
50
32
35
52
31
43
39
40
31
33
11
37
38
42
29
42
53
41
39
69
13
48
64
32
29
28
55
23
37
20
39
23
59
48
29
27
32
13
15
29
25
48
47
37
22
34
15
45
37
57
45
40
32
44
45
62
55
54
65
43
32
48
46
36
28
62
56
46
33
24
22
38
33
28
50
33
47
50
24
60
32
44
46
38
47
27
43
60
30
39
22
36
42
17
41
60
48
42
35
44
37
39
36
36
38
60
56
44
49
40
57
35
26
27
35
11
50
24
55
35
58
49
46
30
45
39
44
36
35
21
47
41
56
30
37
33
16
11
29
38
48
36
43
22
58
17
44
46
46
59
61
63
16
19
23
31
36
42
41
57
28
32
29
26
27
18
50
34
33
19
57
49
17
36
39
27
41
52
25
33
32
33
26
38
36
46
40
59
37
39
19
34
38
29
33
36
45
21
31
42
35
57
49
50
28
42
15
51
53
47
23
49
42
60
39
37
40
52
37
37
43
36
48
23
57
58
51
28
49
63
30
43
16
39
58
31
66
42
30
37
38
56
27
28
56
22
37
41
33
48
10
49
31
47
30
41
